#	t		x		y		vx		vy		Ec
1	0.000000	5.000000e-01	7.500000e-01	0.000000e+00	0.000000e+00	8.125000e-01
2	0.010000	4.999000e-01	7.498500e-01	-1.999800e-02	-2.999700e-02	8.125000e-01
3	0.020000	4.996001e-01	7.494000e-01	-3.998800e-02	-5.998200e-02	8.124998e-01
4	0.030000	4.991002e-01	7.486503e-01	-5.996200e-02	-8.994301e-02	8.124996e-01
5	0.040000	4.984008e-01	7.476012e-01	-7.991202e-02	-1.198680e-01	8.124995e-01
6	0.050000	4.975020e-01	7.462530e-01	-9.983008e-02	-1.497451e-01	8.124991e-01
7	0.060000	4.964042e-01	7.446063e-01	-1.197082e-01	-1.795623e-01	8.124988e-01
8	0.070000	4.951078e-01	7.426617e-01	-1.395384e-01	-2.093076e-01	8.124983e-01
9	0.080000	4.936134e-01	7.404201e-01	-1.593129e-01	-2.389693e-01	8.124979e-01
10	0.090000	4.919216e-01	7.378823e-01	-1.790236e-01	-2.685353e-01	8.124973e-01
11	0.100000	4.900329e-01	7.350494e-01	-1.986627e-01	-2.979940e-01	8.124967e-01
12	0.110000	4.879483e-01	7.319224e-01	-2.182223e-01	-3.273334e-01	8.124959e-01
13	0.120000	4.856685e-01	7.285027e-01	-2.376946e-01	-3.565419e-01	8.124953e-01
14	0.130000	4.831944e-01	7.247916e-01	-2.570719e-01	-3.856078e-01	8.124945e-01
15	0.140000	4.805270e-01	7.207906e-01	-2.763463e-01	-4.145194e-01	8.124937e-01
16	0.150000	4.776675e-01	7.165012e-01	-2.955101e-01	-4.432653e-01	8.124928e-01
17	0.160000	4.746169e-01	7.119253e-01	-3.145558e-01	-4.718338e-01	8.124919e-01
18	0.170000	4.713764e-01	7.070646e-01	-3.334757e-01	-5.002136e-01	8.124909e-01
19	0.180000	4.679473e-01	7.019210e-01	-3.522621e-01	-5.283933e-01	8.124899e-01
20	0.190000	4.643311e-01	6.964967e-01	-3.709077e-01	-5.563617e-01	8.124888e-01
21	0.200000	4.605292e-01	6.907938e-01	-3.894049e-01	-5.841075e-01	8.124877e-01
22	0.210000	4.565430e-01	6.848146e-01	-4.077463e-01	-6.116197e-01	8.124864e-01
23	0.220000	4.523742e-01	6.785614e-01	-4.259247e-01	-6.388872e-01	8.124852e-01
24	0.230000	4.480245e-01	6.720368e-01	-4.439327e-01	-6.658992e-01	8.124840e-01
25	0.240000	4.434956e-01	6.652434e-01	-4.617631e-01	-6.926448e-01	8.124827e-01
26	0.250000	4.387893e-01	6.581839e-01	-4.794087e-01	-7.191133e-01	8.124813e-01
27	0.260000	4.339074e-01	6.508611e-01	-4.968627e-01	-7.452943e-01	8.124799e-01
28	0.270000	4.288520e-01	6.432780e-01	-5.141179e-01	-7.711771e-01	8.124784e-01
29	0.280000	4.236251e-01	6.354375e-01	-5.311674e-01	-7.967514e-01	8.124770e-01
30	0.290000	4.182287e-01	6.273429e-01	-5.480045e-01	-8.220070e-01	8.124756e-01
31	0.300000	4.126650e-01	6.189974e-01	-5.646224e-01	-8.469338e-01	8.124740e-01
32	0.310000	4.069363e-01	6.104043e-01	-5.810145e-01	-8.715218e-01	8.124725e-01
33	0.320000	4.010447e-01	6.015670e-01	-5.971740e-01	-8.957613e-01	8.124709e-01
34	0.330000	3.949928e-01	5.924891e-01	-6.130948e-01	-9.196424e-01	8.124694e-01
35	0.340000	3.887828e-01	5.831742e-01	-6.287703e-01	-9.431556e-01	8.124679e-01
36	0.350000	3.824174e-01	5.736260e-01	-6.441943e-01	-9.662917e-01	8.124663e-01
37	0.360000	3.758990e-01	5.638483e-01	-6.593606e-01	-9.890411e-01	8.124647e-01
38	0.370000	3.692302e-01	5.538451e-01	-6.742632e-01	-1.011395e+00	8.124630e-01
39	0.380000	3.624137e-01	5.436204e-01	-6.888961e-01	-1.033344e+00	8.124614e-01
40	0.390000	3.554523e-01	5.331783e-01	-7.032534e-01	-1.054880e+00	8.124598e-01
41	0.400000	3.483486e-01	5.225228e-01	-7.173294e-01	-1.075994e+00	8.124582e-01
42	0.410000	3.411057e-01	5.116584e-01	-7.311185e-01	-1.096678e+00	8.124565e-01
43	0.420000	3.337263e-01	5.005893e-01	-7.446151e-01	-1.116923e+00	8.124549e-01
44	0.430000	3.262134e-01	4.893199e-01	-7.578139e-01	-1.136721e+00	8.124533e-01
45	0.440000	3.185700e-01	4.778548e-01	-7.707096e-01	-1.156065e+00	8.124517e-01
46	0.450000	3.107992e-01	4.661986e-01	-7.832969e-01	-1.174946e+00	8.124501e-01
47	0.460000	3.029040e-01	4.543559e-01	-7.955710e-01	-1.193357e+00	8.124485e-01
48	0.470000	2.948878e-01	4.423315e-01	-8.075269e-01	-1.211290e+00	8.124469e-01
49	0.480000	2.867535e-01	4.301301e-01	-8.191597e-01	-1.228740e+00	8.124453e-01
50	0.490000	2.785046e-01	4.177567e-01	-8.304648e-01	-1.245697e+00	8.124439e-01
51	0.500000	2.701442e-01	4.052162e-01	-8.414378e-01	-1.262157e+00	8.124424e-01
52	0.510000	2.616758e-01	3.925135e-01	-8.520742e-01	-1.278111e+00	8.124409e-01
53	0.520000	2.531027e-01	3.796539e-01	-8.623698e-01	-1.293555e+00	8.124394e-01
54	0.530000	2.444284e-01	3.666424e-01	-8.723204e-01	-1.308481e+00	8.124381e-01
55	0.540000	2.356563e-01	3.534843e-01	-8.819221e-01	-1.322883e+00	8.124367e-01
56	0.550000	2.267899e-01	3.401848e-01	-8.911710e-01	-1.336757e+00	8.124354e-01
57	0.560000	2.178328e-01	3.267492e-01	-9.000635e-01	-1.350095e+00	8.124341e-01
58	0.570000	2.087886e-01	3.131829e-01	-9.085959e-01	-1.362894e+00	8.124328e-01
59	0.580000	1.996609e-01	2.994913e-01	-9.167649e-01	-1.375147e+00	8.124316e-01
60	0.590000	1.904534e-01	2.856799e-01	-9.245672e-01	-1.386851e+00	8.124304e-01
61	0.600000	1.811696e-01	2.717543e-01	-9.319997e-01	-1.398000e+00	8.124293e-01
62	0.610000	1.718134e-01	2.577199e-01	-9.390593e-01	-1.408589e+00	8.124282e-01
63	0.620000	1.623884e-01	2.435825e-01	-9.457433e-01	-1.418615e+00	8.124272e-01
64	0.630000	1.528985e-01	2.293476e-01	-9.520491e-01	-1.428074e+00	8.124263e-01
65	0.640000	1.433474e-01	2.150210e-01	-9.579740e-01	-1.436961e+00	8.124254e-01
66	0.650000	1.337390e-01	2.006084e-01	-9.635158e-01	-1.445274e+00	8.124245e-01
67	0.660000	1.240771e-01	1.861156e-01	-9.686721e-01	-1.453008e+00	8.124238e-01
68	0.670000	1.143656e-01	1.715483e-01	-9.734409e-01	-1.460162e+00	8.124231e-01
69	0.680000	1.046083e-01	1.569123e-01	-9.778204e-01	-1.466731e+00	8.124223e-01
70	0.690000	9.480917e-02	1.422137e-01	-9.818087e-01	-1.472713e+00	8.124217e-01
71	0.700000	8.497212e-02	1.274581e-01	-9.854044e-01	-1.478107e+00	8.124211e-01
72	0.710000	7.510109e-02	1.126515e-01	-9.886059e-01	-1.482909e+00	8.124207e-01
73	0.720000	6.520001e-02	9.779990e-02	-9.914119e-01	-1.487118e+00	8.124202e-01
74	0.730000	5.527285e-02	8.290916e-02	-9.938213e-01	-1.490732e+00	8.124198e-01
75	0.740000	4.532358e-02	6.798525e-02	-9.958333e-01	-1.493750e+00	8.124195e-01
76	0.750000	3.535618e-02	5.303415e-02	-9.974469e-01	-1.496171e+00	8.124193e-01
77	0.760000	2.537464e-02	3.806184e-02	-9.986615e-01	-1.497992e+00	8.124191e-01
78	0.770000	1.538295e-02	2.307431e-02	-9.994767e-01	-1.499215e+00	8.124190e-01
79	0.780000	5.385111e-03	8.077541e-03	-9.998921e-01	-1.499838e+00	8.124189e-01
80	0.790000	-4.614886e-03	-6.922456e-03	-9.999074e-01	-1.499861e+00	8.124189e-01
81	0.800000	-1.461304e-02	-2.191968e-02	-9.995229e-01	-1.499284e+00	8.124189e-01
82	0.810000	-2.460534e-02	-3.690814e-02	-9.987385e-01	-1.498108e+00	8.124190e-01
83	0.820000	-3.458781e-02	-5.188184e-02	-9.975546e-01	-1.496332e+00	8.124192e-01
84	0.830000	-4.455644e-02	-6.683479e-02	-9.959717e-01	-1.493958e+00	8.124195e-01
85	0.839999	-5.450724e-02	-8.176100e-02	-9.939905e-01	-1.490986e+00	8.124199e-01
86	0.849999	-6.443624e-02	-9.665450e-02	-9.916116e-01	-1.487418e+00	8.124203e-01
87	0.859999	-7.433947e-02	-1.115094e-01	-9.888361e-01	-1.483254e+00	8.124207e-01
88	0.869999	-8.421297e-02	-1.263196e-01	-9.856651e-01	-1.478498e+00	8.124213e-01
89	0.879999	-9.405278e-02	-1.410793e-01	-9.820998e-01	-1.473150e+00	8.124219e-01
90	0.889999	-1.038550e-01	-1.557826e-01	-9.781416e-01	-1.467213e+00	8.124225e-01
91	0.899999	-1.136156e-01	-1.704236e-01	-9.737922e-01	-1.460688e+00	8.124232e-01
92	0.909999	-1.233308e-01	-1.849964e-01	-9.690533e-01	-1.453580e+00	8.124239e-01
93	0.919999	-1.329967e-01	-1.994952e-01	-9.639267e-01	-1.445890e+00	8.124247e-01
94	0.929999	-1.426093e-01	-2.139142e-01	-9.584146e-01	-1.437622e+00	8.124256e-01
95	0.939999	-1.521650e-01	-2.282476e-01	-9.525191e-01	-1.428779e+00	8.124265e-01
96	0.949999	-1.616597e-01	-2.424897e-01	-9.462426e-01	-1.419364e+00	8.124275e-01
97	0.959999	-1.710898e-01	-2.566349e-01	-9.395877e-01	-1.409382e+00	8.124285e-01
98	0.969999	-1.804515e-01	-2.706774e-01	-9.325568e-01	-1.398835e+00	8.124295e-01
99	0.979999	-1.897409e-01	-2.846116e-01	-9.251530e-01	-1.387730e+00	8.124307e-01
100	0.989999	-1.989545e-01	-2.984320e-01	-9.173790e-01	-1.376069e+00	8.124319e-01
101	0.999999	-2.080885e-01	-3.121330e-01	-9.092382e-01	-1.363857e+00	8.124331e-01
102	1.009999	-2.171393e-01	-3.257091e-01	-9.007336e-01	-1.351101e+00	8.124343e-01
103	1.019999	-2.261032e-01	-3.391550e-01	-8.918688e-01	-1.337803e+00	8.124356e-01
104	1.029999	-2.349766e-01	-3.524652e-01	-8.826472e-01	-1.323971e+00	8.124369e-01
105	1.039999	-2.437561e-01	-3.656344e-01	-8.730725e-01	-1.309609e+00	8.124383e-01
106	1.049999	-2.524381e-01	-3.786574e-01	-8.631486e-01	-1.294723e+00	8.124397e-01
107	1.059999	-2.610191e-01	-3.915289e-01	-8.528795e-01	-1.279319e+00	8.124412e-01
108	1.069999	-2.694957e-01	-4.042438e-01	-8.422692e-01	-1.263404e+00	8.124427e-01
109	1.079999	-2.778645e-01	-4.167970e-01	-8.313220e-01	-1.246983e+00	8.124441e-01
110	1.089999	-2.861221e-01	-4.291834e-01	-8.200422e-01	-1.230063e+00	8.124456e-01
111	1.099999	-2.942653e-01	-4.413982e-01	-8.084344e-01	-1.212652e+00	8.124472e-01
112	1.109999	-3.022908e-01	-4.534365e-01	-7.965033e-01	-1.194755e+00	8.124487e-01
113	1.119999	-3.101954e-01	-4.652933e-01	-7.842536e-01	-1.176381e+00	8.124503e-01
114	1.129999	-3.179759e-01	-4.769641e-01	-7.716902e-01	-1.157535e+00	8.124519e-01
115	1.139999	-3.256292e-01	-4.884440e-01	-7.588181e-01	-1.138227e+00	8.124534e-01
116	1.149999	-3.331523e-01	-4.997286e-01	-7.456425e-01	-1.118464e+00	8.124551e-01
117	1.159999	-3.405420e-01	-5.108133e-01	-7.321686e-01	-1.098253e+00	8.124567e-01
118	1.169999	-3.477956e-01	-5.216936e-01	-7.184018e-01	-1.077603e+00	8.124583e-01
119	1.179999	-3.549101e-01	-5.323653e-01	-7.043477e-01	-1.056522e+00	8.124599e-01
120	1.189999	-3.618826e-01	-5.428241e-01	-6.900119e-01	-1.035018e+00	8.124616e-01
121	1.199999	-3.687103e-01	-5.530657e-01	-6.754000e-01	-1.013100e+00	8.124632e-01
122	1.209999	-3.753906e-01	-5.630861e-01	-6.605180e-01	-9.907769e-01	8.124647e-01
123	1.219999	-3.819207e-01	-5.728812e-01	-6.453718e-01	-9.680576e-01	8.124664e-01
124	1.229999	-3.882980e-01	-5.824472e-01	-6.299674e-01	-9.449510e-01	8.124680e-01
125	1.239999	-3.945200e-01	-5.917802e-01	-6.143110e-01	-9.214665e-01	8.124696e-01
126	1.249999	-4.005843e-01	-6.008766e-01	-5.984089e-01	-8.976133e-01	8.124712e-01
127	1.259999	-4.064882e-01	-6.097325e-01	-5.822675e-01	-8.734012e-01	8.124726e-01
128	1.269999	-4.122296e-01	-6.183445e-01	-5.658931e-01	-8.488396e-01	8.124741e-01
129	1.279999	-4.178061e-01	-6.267093e-01	-5.492924e-01	-8.239385e-01	8.124757e-01
130	1.289999	-4.232154e-01	-6.348233e-01	-5.324720e-01	-7.987079e-01	8.124771e-01
131	1.299999	-4.284555e-01	-6.426834e-01	-5.154386e-01	-7.731578e-01	8.124786e-01
132	1.309999	-4.335242e-01	-6.502865e-01	-4.981990e-01	-7.472984e-01	8.124800e-01
133	1.319999	-4.384195e-01	-6.576294e-01	-4.807601e-01	-7.211400e-01	8.124815e-01
134	1.329999	-4.431394e-01	-6.647093e-01	-4.631289e-01	-6.946933e-01	8.124828e-01
135	1.339999	-4.476821e-01	-6.715233e-01	-4.453125e-01	-6.679686e-01	8.124841e-01
136	1.349999	-4.520457e-01	-6.780687e-01	-4.273179e-01	-6.409768e-01	8.124855e-01
137	1.359999	-4.562284e-01	-6.843429e-01	-4.091525e-01	-6.137286e-01	8.124866e-01
138	1.369999	-4.602287e-01	-6.903433e-01	-3.908233e-01	-5.862349e-01	8.124878e-01
139	1.379999	-4.640449e-01	-6.960675e-01	-3.723379e-01	-5.585067e-01	8.124889e-01
140	1.389999	-4.676755e-01	-7.015134e-01	-3.537035e-01	-5.305551e-01	8.124900e-01
141	1.399999	-4.711190e-01	-7.066786e-01	-3.349276e-01	-5.023912e-01	8.124911e-01
142	1.409999	-4.743740e-01	-7.115611e-01	-3.160177e-01	-4.740264e-01	8.124921e-01
143	1.419999	-4.774393e-01	-7.161591e-01	-2.969815e-01	-4.454720e-01	8.124930e-01
144	1.429999	-4.803136e-01	-7.204706e-01	-2.778264e-01	-4.167394e-01	8.124939e-01
145	1.439999	-4.829958e-01	-7.244939e-01	-2.585602e-01	-3.878401e-01	8.124948e-01
146	1.449999	-4.854848e-01	-7.282274e-01	-2.391906e-01	-3.587857e-01	8.124956e-01
147	1.459999	-4.877796e-01	-7.316697e-01	-2.197253e-01	-3.295878e-01	8.124963e-01
148	1.469999	-4.898793e-01	-7.348192e-01	-2.001721e-01	-3.002580e-01	8.124970e-01
149	1.479999	-4.917831e-01	-7.376748e-01	-1.805389e-01	-2.708081e-01	8.124976e-01
150	1.489999	-4.934901e-01	-7.402354e-01	-1.608334e-01	-2.412499e-01	8.124981e-01
151	1.499999	-4.949997e-01	-7.424998e-01	-1.410636e-01	-2.115952e-01	8.124986e-01
152	1.509999	-4.963114e-01	-7.444673e-01	-1.212374e-01	-1.818559e-01	8.124990e-01
153	1.519999	-4.974245e-01	-7.461369e-01	-1.013627e-01	-1.520438e-01	8.124993e-01
154	1.529999	-4.983386e-01	-7.475081e-01	-8.144742e-02	-1.221709e-01	8.124996e-01
155	1.539999	-4.990534e-01	-7.485803e-01	-6.149958e-02	-9.224911e-02	8.124999e-01
156	1.549999	-4.995686e-01	-7.493531e-01	-4.152714e-02	-6.229044e-02	8.125001e-01
157	1.559999	-4.998840e-01	-7.498261e-01	-2.153809e-02	-3.230686e-02	8.125001e-01
158	1.569999	-4.999994e-01	-7.499992e-01	-1.540421e-03	-2.310354e-03	8.125002e-01
159	1.579999	-4.999148e-01	-7.498723e-01	1.845786e-02	2.768707e-02	8.125001e-01
160	1.589999	-4.996302e-01	-7.494455e-01	3.844876e-02	5.767343e-02	8.125001e-01
161	1.599999	-4.991458e-01	-7.487189e-01	5.842428e-02	8.763672e-02	8.124999e-01
162	1.609999	-4.984618e-01	-7.476928e-01	7.837643e-02	1.175650e-01	8.124997e-01
163	1.619999	-4.975783e-01	-7.463676e-01	9.829724e-02	1.474462e-01	8.124994e-01
164	1.629999	-4.964958e-01	-7.447438e-01	1.181787e-01	1.772684e-01	8.124991e-01
165	1.639999	-4.952147e-01	-7.428222e-01	1.380129e-01	2.070197e-01	8.124986e-01
166	1.649999	-4.937356e-01	-7.406034e-01	1.577919e-01	2.366882e-01	8.124980e-01
167	1.659999	-4.920589e-01	-7.380884e-01	1.775078e-01	2.662621e-01	8.124975e-01
168	1.669999	-4.901854e-01	-7.352781e-01	1.971527e-01	2.957294e-01	8.124969e-01
169	1.679999	-4.881158e-01	-7.321738e-01	2.167187e-01	3.250784e-01	8.124962e-01
170	1.689999	-4.858510e-01	-7.287766e-01	2.361981e-01	3.542974e-01	8.124955e-01
171	1.699999	-4.833919e-01	-7.250878e-01	2.555829e-01	3.833747e-01	8.124948e-01
172	1.709999	-4.807394e-01	-7.211090e-01	2.748656e-01	4.122986e-01	8.124939e-01
173	1.719999	-4.778946e-01	-7.168418e-01	2.940382e-01	4.410577e-01	8.124930e-01
174	1.729999	-4.748586e-01	-7.122878e-01	3.130933e-01	4.696403e-01	8.124920e-01
175	1.739999	-4.716327e-01	-7.074490e-01	3.320231e-01	4.980350e-01	8.124911e-01
176	1.749999	-4.682181e-01	-7.023271e-01	3.508202e-01	5.262305e-01	8.124900e-01
177	1.759999	-4.646163e-01	-6.969244e-01	3.694769e-01	5.542156e-01	8.124889e-01
178	1.769999	-4.608286e-01	-6.912429e-01	3.879858e-01	5.819789e-01	8.124878e-01
179	1.779999	-4.568566e-01	-6.852849e-01	4.063395e-01	6.095095e-01	8.124866e-01
180	1.789999	-4.527018e-01	-6.790527e-01	4.245306e-01	6.367962e-01	8.124855e-01
181	1.799999	-4.483660e-01	-6.725489e-01	4.425520e-01	6.638283e-01	8.124841e-01
182	1.809999	-4.438508e-01	-6.657761e-01	4.603963e-01	6.905947e-01	8.124828e-01
183	1.819999	-4.391580e-01	-6.587370e-01	4.780565e-01	7.170850e-01	8.124814e-01
184	1.829999	-4.342896e-01	-6.514344e-01	4.955254e-01	7.432885e-01	8.124801e-01
185	1.839999	-4.292475e-01	-6.438712e-01	5.127962e-01	7.691945e-01	8.124787e-01
186	1.849999	-4.240337e-01	-6.360505e-01	5.298618e-01	7.947930e-01	8.124772e-01
187	1.859999	-4.186503e-01	-6.279754e-01	5.467155e-01	8.200735e-01	8.124758e-01
188	1.869999	-4.130994e-01	-6.196491e-01	5.633505e-01	8.450260e-01	8.124743e-01
189	1.879999	-4.073833e-01	-6.110749e-01	5.797601e-01	8.696404e-01	8.124727e-01
190	1.889999	-4.015042e-01	-6.022562e-01	5.959379e-01	8.939070e-01	8.124712e-01
191	1.899999	-3.954645e-01	-5.931967e-01	6.118773e-01	9.178160e-01	8.124695e-01
192	1.909999	-3.892667e-01	-5.838999e-01	6.275719e-01	9.413580e-01	8.124679e-01
193	1.919999	-3.829131e-01	-5.743695e-01	6.430155e-01	9.645234e-01	8.124664e-01
194	1.929999	-3.764064e-01	-5.646095e-01	6.582019e-01	9.873030e-01	8.124648e-01
195	1.939999	-3.697491e-01	-5.546235e-01	6.731250e-01	1.009688e+00	8.124632e-01
196	1.949998	-3.629439e-01	-5.444158e-01	6.877788e-01	1.031668e+00	8.124617e-01
197	1.959998	-3.559935e-01	-5.339902e-01	7.021576e-01	1.053236e+00	8.124600e-01
198	1.969998	-3.489007e-01	-5.233510e-01	7.162554e-01	1.074383e+00	8.124583e-01
199	1.979998	-3.416684e-01	-5.125025e-01	7.300668e-01	1.095100e+00	8.124566e-01
200	1.989998	-3.342994e-01	-5.014490e-01	7.435862e-01	1.115379e+00	8.124549e-01
201	1.999998	-3.267966e-01	-4.901949e-01	7.568081e-01	1.135212e+00	8.124534e-01
202	2.009999	-3.191632e-01	-4.787447e-01	7.697273e-01	1.154591e+00	8.124518e-01
203	2.019999	-3.114021e-01	-4.671031e-01	7.823386e-01	1.173508e+00	8.124502e-01
204	2.029999	-3.035164e-01	-4.552746e-01	7.946370e-01	1.191955e+00	8.124486e-01
205	2.039999	-2.955093e-01	-4.432640e-01	8.066175e-01	1.209926e+00	8.124471e-01
206	2.049999	-2.873841e-01	-4.310760e-01	8.182754e-01	1.227413e+00	8.124455e-01
207	2.059999	-2.791438e-01	-4.187157e-01	8.296059e-01	1.244409e+00	8.124440e-01
208	2.069999	-2.707919e-01	-4.061879e-01	8.406047e-01	1.260907e+00	8.124425e-01
209	2.079998	-2.623318e-01	-3.934976e-01	8.512672e-01	1.276901e+00	8.124411e-01
210	2.089998	-2.537666e-01	-3.806499e-01	8.615891e-01	1.292384e+00	8.124397e-01
211	2.099998	-2.451000e-01	-3.676499e-01	8.715665e-01	1.307350e+00	8.124382e-01
212	2.109998	-2.363353e-01	-3.545029e-01	8.811952e-01	1.321793e+00	8.124368e-01
213	2.119998	-2.274761e-01	-3.412141e-01	8.904714e-01	1.335707e+00	8.124355e-01
214	2.129998	-2.185259e-01	-3.277888e-01	8.993914e-01	1.349087e+00	8.124342e-01
215	2.139998	-2.094883e-01	-3.142323e-01	9.079517e-01	1.361927e+00	8.124329e-01
216	2.149998	-2.003668e-01	-3.005502e-01	9.161488e-01	1.374223e+00	8.124317e-01
217	2.159998	-1.911653e-01	-2.867479e-01	9.239795e-01	1.385969e+00	8.124305e-01
218	2.169998	-1.818873e-01	-2.728308e-01	9.314405e-01	1.397161e+00	8.124294e-01
219	2.179998	-1.725365e-01	-2.588047e-01	9.385290e-01	1.407793e+00	8.124284e-01
220	2.189998	-1.631167e-01	-2.446750e-01	9.452421e-01	1.417863e+00	8.124274e-01
221	2.199998	-1.536316e-01	-2.304474e-01	9.515771e-01	1.427365e+00	8.124263e-01
222	2.209998	-1.440851e-01	-2.161277e-01	9.575314e-01	1.436297e+00	8.124254e-01
223	2.219998	-1.344810e-01	-2.017215e-01	9.631027e-01	1.444654e+00	8.124245e-01
224	2.229998	-1.248231e-01	-1.872346e-01	9.682888e-01	1.452433e+00	8.124237e-01
225	2.239998	-1.151152e-01	-1.726728e-01	9.730875e-01	1.459631e+00	8.124229e-01
226	2.249998	-1.053613e-01	-1.580420e-01	9.774971e-01	1.466245e+00	8.124222e-01
227	2.259998	-9.556528e-02	-1.433479e-01	9.815156e-01	1.472273e+00	8.124216e-01
228	2.269998	-8.573101e-02	-1.285965e-01	9.851416e-01	1.477712e+00	8.124210e-01
229	2.279998	-7.586245e-02	-1.137937e-01	9.883735e-01	1.482560e+00	8.124205e-01
230	2.289998	-6.596354e-02	-9.894531e-02	9.912100e-01	1.486815e+00	8.124201e-01
231	2.299998	-5.603825e-02	-8.405738e-02	9.936500e-01	1.490475e+00	8.124197e-01
232	2.309998	-4.609054e-02	-6.913581e-02	9.956926e-01	1.493539e+00	8.124195e-01
233	2.319998	-3.612440e-02	-5.418660e-02	9.973369e-01	1.496005e+00	8.124192e-01
234	2.329998	-2.614381e-02	-3.921571e-02	9.985823e-01	1.497873e+00	8.124189e-01
235	2.339998	-1.615276e-02	-2.422914e-02	9.994282e-01	1.499142e+00	8.124188e-01
236	2.349998	-6.155244e-03	-9.232874e-03	9.998744e-01	1.499811e+00	8.124187e-01
237	2.359998	3.844731e-03	5.767084e-03	9.999205e-01	1.499880e+00	8.124187e-01
238	2.369998	1.384317e-02	2.076473e-02	9.995668e-01	1.499350e+00	8.124188e-01
239	2.379998	2.383607e-02	3.575408e-02	9.988132e-01	1.498219e+00	8.124189e-01
240	2.389998	3.381943e-02	5.072913e-02	9.976601e-01	1.496490e+00	8.124191e-01
241	2.399998	4.378927e-02	6.568388e-02	9.961079e-01	1.494162e+00	8.124194e-01
242	2.409998	5.374159e-02	8.061236e-02	9.941573e-01	1.491236e+00	8.124197e-01
243	2.419998	6.367242e-02	9.550860e-02	9.918090e-01	1.487713e+00	8.124201e-01
244	2.429998	7.357777e-02	1.103666e-01	9.890640e-01	1.483596e+00	8.124205e-01
245	2.439998	8.345369e-02	1.251805e-01	9.859233e-01	1.478885e+00	8.124210e-01
246	2.449998	9.329624e-02	1.399443e-01	9.823884e-01	1.473582e+00	8.124216e-01
247	2.459998	1.031015e-01	1.546522e-01	9.784604e-01	1.467690e+00	8.124222e-01
248	2.469998	1.128654e-01	1.692981e-01	9.741411e-01	1.461211e+00	8.124230e-01
249	2.479998	1.225843e-01	1.838764e-01	9.694321e-01	1.454148e+00	8.124236e-01
250	2.489998	1.322541e-01	1.983811e-01	9.643353e-01	1.446503e+00	8.124244e-01
251	2.499998	1.418710e-01	2.128064e-01	9.588528e-01	1.438279e+00	8.124253e-01
252	2.509998	1.514311e-01	2.271467e-01	9.529868e-01	1.429480e+00	8.124262e-01
253	2.519998	1.609307e-01	2.413960e-01	9.467396e-01	1.420109e+00	8.124272e-01
254	2.529998	1.703659e-01	2.555489e-01	9.401136e-01	1.410170e+00	8.124282e-01
255	2.539998	1.797330e-01	2.695995e-01	9.331116e-01	1.399667e+00	8.124292e-01
256	2.549998	1.890282e-01	2.835422e-01	9.257364e-01	1.388604e+00	8.124304e-01
257	2.559998	1.982477e-01	2.973716e-01	9.179909e-01	1.376986e+00	8.124316e-01
258	2.569998	2.073880e-01	3.110819e-01	9.098781e-01	1.364817e+00	8.124326e-01
259	2.579998	2.164453e-01	3.246679e-01	9.014015e-01	1.352102e+00	8.124340e-01
260	2.589998	2.254160e-01	3.381240e-01	8.925642e-01	1.338846e+00	8.124352e-01
261	2.599998	2.342965e-01	3.514448e-01	8.833700e-01	1.325055e+00	8.124366e-01
262	2.609998	2.430834e-01	3.646251e-01	8.738224e-01	1.310733e+00	8.124379e-01
263	2.619998	2.517730e-01	3.776595e-01	8.639253e-01	1.295888e+00	8.124393e-01
264	2.629998	2.603619e-01	3.905428e-01	8.536826e-01	1.280524e+00	8.124407e-01
265	2.639998	2.688467e-01	4.032699e-01	8.430984e-01	1.264647e+00	8.124421e-01
266	2.649998	2.772239e-01	4.158358e-01	8.321770e-01	1.248265e+00	8.124437e-01
267	2.659998	2.854902e-01	4.282353e-01	8.209227e-01	1.231384e+00	8.124452e-01
268	2.669998	2.936423e-01	4.404635e-01	8.093400e-01	1.214010e+00	8.124467e-01
269	2.679998	3.016770e-01	4.525155e-01	7.974336e-01	1.196150e+00	8.124483e-01
270	2.689998	3.095910e-01	4.643865e-01	7.852082e-01	1.177812e+00	8.124498e-01
271	2.699998	3.173812e-01	4.760717e-01	7.726688e-01	1.159003e+00	8.124514e-01
272	2.709998	3.250444e-01	4.875665e-01	7.598203e-01	1.139730e+00	8.124529e-01
273	2.719998	3.325776e-01	4.988663e-01	7.466679e-01	1.120002e+00	8.124546e-01
274	2.729998	3.399778e-01	5.099666e-01	7.332168e-01	1.099825e+00	8.124562e-01
275	2.739998	3.472419e-01	5.208628e-01	7.194723e-01	1.079208e+00	8.124578e-01
276	2.749998	3.543672e-01	5.315507e-01	7.054402e-01	1.058160e+00	8.124595e-01
277	2.759998	3.613507e-01	5.420260e-01	6.911258e-01	1.036689e+00	8.124610e-01
278	2.769998	3.681897e-01	5.522845e-01	6.765350e-01	1.014802e+00	8.124627e-01
279	2.779998	3.748814e-01	5.623220e-01	6.616736e-01	9.925102e-01	8.124643e-01
280	2.789998	3.814232e-01	5.721347e-01	6.465475e-01	9.698211e-01	8.124659e-01
281	2.799998	3.878124e-01	5.817184e-01	6.311628e-01	9.467440e-01	8.124675e-01
282	2.809998	3.940465e-01	5.910695e-01	6.155256e-01	9.232883e-01	8.124691e-01
283	2.819998	4.001229e-01	6.001842e-01	5.996422e-01	8.994632e-01	8.124707e-01
284	2.829998	4.060393e-01	6.090588e-01	5.835190e-01	8.752784e-01	8.124722e-01
285	2.839998	4.117933e-01	6.176898e-01	5.671623e-01	8.507434e-01	8.124738e-01
286	2.849998	4.173826e-01	6.260737e-01	5.505788e-01	8.258681e-01	8.124753e-01
287	2.859998	4.228049e-01	6.342071e-01	5.337751e-01	8.006625e-01	8.124768e-01
288	2.869998	4.280581e-01	6.420869e-01	5.167578e-01	7.751366e-01	8.124782e-01
289	2.879998	4.331401e-01	6.497099e-01	4.995339e-01	7.493007e-01	8.124797e-01
290	2.889998	4.380488e-01	6.570730e-01	4.821101e-01	7.231650e-01	8.124810e-01
291	2.899998	4.427823e-01	6.641732e-01	4.644935e-01	6.967401e-01	8.124824e-01
292	2.909998	4.473387e-01	6.710078e-01	4.466911e-01	6.700365e-01	8.124838e-01
293	2.919998	4.517162e-01	6.775739e-01	4.287100e-01	6.430649e-01	8.124850e-01
294	2.929998	4.559129e-01	6.838691e-01	4.105574e-01	6.158360e-01	8.124864e-01
295	2.939998	4.599273e-01	6.898906e-01	3.922406e-01	5.883608e-01	8.124875e-01
296	2.949998	4.637578e-01	6.956363e-01	3.737669e-01	5.606503e-01	8.124887e-01
297	2.959998	4.674027e-01	7.011036e-01	3.551437e-01	5.327155e-01	8.124897e-01
298	2.969998	4.708606e-01	7.062905e-01	3.363784e-01	5.045676e-01	8.124908e-01
299	2.979998	4.741302e-01	7.111949e-01	3.174786e-01	4.762179e-01	8.124918e-01
300	2.989998	4.772102e-01	7.158149e-01	2.984518e-01	4.476777e-01	8.124927e-01
301	2.999998	4.800993e-01	7.201485e-01	2.793056e-01	4.189585e-01	8.124936e-01
302	3.009998	4.827963e-01	7.241940e-01	2.600477e-01	3.900716e-01	8.124945e-01
303	3.019998	4.853002e-01	7.279499e-01	2.406857e-01	3.610287e-01	8.124952e-01
304	3.029998	4.876100e-01	7.314146e-01	2.212275e-01	3.318414e-01	8.124961e-01
305	3.039998	4.897248e-01	7.345868e-01	2.016808e-01	3.025214e-01	8.124967e-01
306	3.049998	4.916436e-01	7.374651e-01	1.820535e-01	2.730804e-01	8.124973e-01
307	3.059998	4.933659e-01	7.400484e-01	1.623533e-01	2.435301e-01	8.124979e-01
308	3.069998	4.948907e-01	7.423357e-01	1.425882e-01	2.138824e-01	8.124984e-01
309	3.079998	4.962176e-01	7.443261e-01	1.227660e-01	1.841492e-01	8.124988e-01
310	3.089998	4.973460e-01	7.460187e-01	1.028947e-01	1.543423e-01	8.124992e-01
311	3.099998	4.982755e-01	7.474129e-01	8.298230e-02	1.244737e-01	8.124995e-01
312	3.109998	4.990056e-01	7.485082e-01	6.303668e-02	9.455525e-02	8.124997e-01
313	3.119998	4.995362e-01	7.493040e-01	4.306585e-02	6.459901e-02	8.124999e-01
314	3.129997	4.998670e-01	7.498001e-01	2.307778e-02	3.461692e-02	8.124999e-01
315	3.139997	4.999978e-01	7.499964e-01	3.080489e-03	4.620995e-03	8.125001e-01
316	3.149997	4.999286e-01	7.498926e-01	-1.691804e-02	-2.537678e-02	8.125000e-01
317	3.159997	4.996594e-01	7.494888e-01	-3.690980e-02	-5.536441e-02	8.124999e-01
318	3.169997	4.991904e-01	7.487853e-01	-5.688679e-02	-8.532989e-02	8.124998e-01
319	3.179997	4.985217e-01	7.477823e-01	-7.684103e-02	-1.152612e-01	8.124996e-01
320	3.189997	4.976535e-01	7.464801e-01	-9.676453e-02	-1.451465e-01	8.124993e-01
321	3.199997	4.965864e-01	7.448794e-01	-1.166493e-01	-1.749737e-01	8.124990e-01
322	3.209997	4.953206e-01	7.429807e-01	-1.364875e-01	-2.047309e-01	8.124986e-01
323	3.219997	4.938566e-01	7.407848e-01	-1.562710e-01	-2.344062e-01	8.124982e-01
324	3.229997	4.921951e-01	7.382926e-01	-1.759920e-01	-2.639877e-01	8.124977e-01
325	3.239997	4.903368e-01	7.355050e-01	-1.956427e-01	-2.934637e-01	8.124971e-01
326	3.249997	4.882823e-01	7.324233e-01	-2.152151e-01	-3.228222e-01	8.124964e-01
327	3.259997	4.860325e-01	7.290486e-01	-2.347014e-01	-3.520517e-01	8.124958e-01
328	3.269997	4.835883e-01	7.253823e-01	-2.540938e-01	-3.811403e-01	8.124949e-01
329	3.279997	4.809506e-01	7.214258e-01	-2.733845e-01	-4.100764e-01	8.124940e-01
330	3.289997	4.781206e-01	7.171807e-01	-2.925660e-01	-4.388486e-01	8.124933e-01
331	3.299997	4.750993e-01	7.126488e-01	-3.116304e-01	-4.674451e-01	8.124924e-01
332	3.309997	4.718880e-01	7.078318e-01	-3.305701e-01	-4.958547e-01	8.124913e-01
333	3.319997	4.684879e-01	7.027317e-01	-3.493776e-01	-5.240660e-01	8.124902e-01
334	3.329997	4.649004e-01	6.973504e-01	-3.680454e-01	-5.520677e-01	8.124891e-01
335	3.339997	4.611270e-01	6.916903e-01	-3.865659e-01	-5.798485e-01	8.124879e-01
336	3.349997	4.571691e-01	6.857535e-01	-4.049318e-01	-6.073974e-01	8.124868e-01
337	3.359997	4.530284e-01	6.795424e-01	-4.231358e-01	-6.347033e-01	8.124856e-01
338	3.369997	4.487064e-01	6.730594e-01	-4.411705e-01	-6.617553e-01	8.124842e-01
339	3.379997	4.442050e-01	6.663072e-01	-4.590287e-01	-6.885427e-01	8.124830e-01
340	3.389997	4.395258e-01	6.592885e-01	-4.767033e-01	-7.150546e-01	8.124816e-01
341	3.399997	4.346709e-01	6.520061e-01	-4.941873e-01	-7.412804e-01	8.124803e-01
342	3.409997	4.296421e-01	6.444629e-01	-5.114735e-01	-7.672098e-01	8.124788e-01
343	3.419997	4.244414e-01	6.366619e-01	-5.285552e-01	-7.928323e-01	8.124774e-01
344	3.429997	4.190710e-01	6.286063e-01	-5.454255e-01	-8.181377e-01	8.124759e-01
345	3.439997	4.135329e-01	6.202992e-01	-5.620775e-01	-8.431158e-01	8.124744e-01
346	3.449997	4.078294e-01	6.117440e-01	-5.785047e-01	-8.677567e-01	8.124729e-01
347	3.459997	4.019628e-01	6.029441e-01	-5.947006e-01	-8.920504e-01	8.124714e-01
348	3.469997	3.959354e-01	5.939030e-01	-6.106585e-01	-9.159874e-01	8.124698e-01
349	3.479997	3.897496e-01	5.846244e-01	-6.263722e-01	-9.395579e-01	8.124682e-01
350	3.489997	3.834080e-01	5.751119e-01	-6.418354e-01	-9.627526e-01	8.124666e-01
351	3.499997	3.769130e-01	5.653693e-01	-6.570418e-01	-9.855623e-01	8.124651e-01
352	3.509997	3.702672e-01	5.554006e-01	-6.719854e-01	-1.007978e+00	8.124635e-01
353	3.519997	3.634732e-01	5.452098e-01	-6.866602e-01	-1.029990e+00	8.124619e-01
354	3.529997	3.565339e-01	5.348008e-01	-7.010603e-01	-1.051590e+00	8.124602e-01
355	3.539997	3.494520e-01	5.241780e-01	-7.151800e-01	-1.072770e+00	8.124586e-01
356	3.549997	3.422303e-01	5.133454e-01	-7.290137e-01	-1.093520e+00	8.124570e-01
357	3.559997	3.348718e-01	5.023075e-01	-7.425557e-01	-1.113833e+00	8.124554e-01
358	3.569997	3.273792e-01	4.910688e-01	-7.558008e-01	-1.133701e+00	8.124537e-01
359	3.579997	3.197557e-01	4.796335e-01	-7.687435e-01	-1.153115e+00	8.124522e-01
360	3.589997	3.120044e-01	4.680065e-01	-7.813787e-01	-1.172068e+00	8.124506e-01
361	3.599997	3.041282e-01	4.561922e-01	-7.937014e-01	-1.190552e+00	8.124491e-01
362	3.609997	2.961303e-01	4.441954e-01	-8.057065e-01	-1.208560e+00	8.124475e-01
363	3.619997	2.880140e-01	4.320210e-01	-8.173894e-01	-1.226084e+00	8.124461e-01
364	3.629997	2.797825e-01	4.196738e-01	-8.287453e-01	-1.243118e+00	8.124444e-01
365	3.639997	2.714391e-01	4.071587e-01	-8.397697e-01	-1.259654e+00	8.124430e-01
366	3.649997	2.629871e-01	3.944807e-01	-8.504583e-01	-1.275687e+00	8.124415e-01
367	3.659997	2.544300e-01	3.816449e-01	-8.608066e-01	-1.291210e+00	8.124401e-01
368	3.669997	2.457710e-01	3.686565e-01	-8.708106e-01	-1.306216e+00	8.124387e-01
369	3.679997	2.370138e-01	3.555206e-01	-8.804663e-01	-1.320699e+00	8.124374e-01
370	3.689997	2.281617e-01	3.422425e-01	-8.897699e-01	-1.334655e+00	8.124360e-01
371	3.699997	2.192184e-01	3.288276e-01	-8.987175e-01	-1.348076e+00	8.124347e-01
372	3.709997	2.101873e-01	3.152810e-01	-9.073056e-01	-1.360958e+00	8.124334e-01
373	3.719997	2.010722e-01	3.016084e-01	-9.155308e-01	-1.373296e+00	8.124322e-01
374	3.729997	1.918767e-01	2.878151e-01	-9.233898e-01	-1.385084e+00	8.124311e-01
375	3.739997	1.826044e-01	2.739067e-01	-9.308794e-01	-1.396319e+00	8.124299e-01
376	3.749997	1.732591e-01	2.598887e-01	-9.379967e-01	-1.406995e+00	8.124288e-01
377	3.759997	1.638445e-01	2.457668e-01	-9.447387e-01	-1.417108e+00	8.124278e-01
378	3.769997	1.543644e-01	2.315466e-01	-9.511029e-01	-1.426654e+00	8.124269e-01
379	3.779997	1.448225e-01	2.172337e-01	-9.570866e-01	-1.435630e+00	8.124259e-01
380	3.789997	1.352226e-01	2.028340e-01	-9.626876e-01	-1.444031e+00	8.124251e-01
381	3.799997	1.255687e-01	1.883531e-01	-9.679034e-01	-1.451855e+00	8.124242e-01
382	3.809997	1.158646e-01	1.737969e-01	-9.727321e-01	-1.459098e+00	8.124235e-01
383	3.819997	1.061141e-01	1.591711e-01	-9.771717e-01	-1.465757e+00	8.124229e-01
384	3.829997	9.632114e-02	1.444817e-01	-9.812204e-01	-1.471830e+00	8.124222e-01
385	3.839997	8.648967e-02	1.297345e-01	-9.848766e-01	-1.477315e+00	8.124216e-01
386	3.849997	7.662360e-02	1.149354e-01	-9.881389e-01	-1.482208e+00	8.124212e-01
387	3.859997	6.672689e-02	1.000904e-01	-9.910058e-01	-1.486509e+00	8.124207e-01
388	3.869997	5.680349e-02	8.520526e-02	-9.934765e-01	-1.490214e+00	8.124202e-01
389	3.879997	4.685736e-02	7.028608e-02	-9.955497e-01	-1.493324e+00	8.124199e-01
390	3.889997	3.689250e-02	5.533878e-02	-9.972247e-01	-1.495837e+00	8.124196e-01
391	3.899997	2.691287e-02	4.036935e-02	-9.985008e-01	-1.497751e+00	8.124194e-01
392	3.909997	1.692248e-02	2.538376e-02	-9.993775e-01	-1.499066e+00	8.124193e-01
393	3.919997	6.925322e-03	1.038803e-02	-9.998545e-01	-1.499781e+00	8.124192e-01
394	3.929997	-3.074608e-03	-4.611864e-03	-9.999315e-01	-1.499897e+00	8.124192e-01
395	3.939997	-1.307331e-02	-1.960991e-02	-9.996086e-01	-1.499413e+00	8.124192e-01
396	3.949997	-2.306678e-02	-3.460012e-02	-9.988858e-01	-1.498328e+00	8.124194e-01
397	3.959997	-3.305102e-02	-4.957648e-02	-9.977634e-01	-1.496645e+00	8.124196e-01
398	3.969997	-4.302204e-02	-6.453301e-02	-9.962419e-01	-1.494363e+00	8.124199e-01
399	3.979997	-5.297586e-02	-7.946373e-02	-9.943219e-01	-1.491483e+00	8.124201e-01
400	3.989997	-6.290849e-02	-9.436266e-02	-9.920043e-01	-1.488006e+00	8.124205e-01
401	3.999997	-7.281595e-02	-1.092239e-01	-9.892898e-01	-1.483935e+00	8.124210e-01
402	4.009997	-8.269428e-02	-1.240413e-01	-9.861795e-01	-1.479269e+00	8.124216e-01
403	4.019997	-9.253954e-02	-1.388092e-01	-9.826748e-01	-1.474012e+00	8.124220e-01
404	4.029997	-1.023478e-01	-1.535216e-01	-9.787771e-01	-1.468166e+00	8.124228e-01
405	4.039998	-1.121151e-01	-1.681726e-01	-9.744878e-01	-1.461732e+00	8.124235e-01
406	4.049998	-1.218375e-01	-1.827562e-01	-9.698088e-01	-1.454713e+00	8.124242e-01
407	4.059998	-1.315113e-01	-1.972668e-01	-9.647418e-01	-1.447113e+00	8.124250e-01
408	4.069998	-1.411324e-01	-2.116985e-01	-9.592890e-01	-1.438933e+00	8.124259e-01
409	4.079998	-1.506970e-01	-2.260455e-01	-9.534523e-01	-1.430179e+00	8.124267e-01
410	4.089999	-1.602014e-01	-2.403021e-01	-9.472344e-01	-1.420852e+00	8.124278e-01
411	4.099999	-1.696417e-01	-2.544625e-01	-9.406375e-01	-1.410956e+00	8.124287e-01
412	4.109999	-1.790142e-01	-2.685212e-01	-9.336644e-01	-1.400497e+00	8.124298e-01
413	4.119999	-1.883150e-01	-2.824725e-01	-9.263179e-01	-1.389477e+00	8.124310e-01
414	4.130000	-1.975405e-01	-2.963108e-01	-9.186007e-01	-1.377901e+00	8.124321e-01
415	4.140000	-2.066870e-01	-3.100305e-01	-9.105162e-01	-1.365774e+00	8.124332e-01
416	4.150000	-2.157508e-01	-3.236262e-01	-9.020674e-01	-1.353101e+00	8.124346e-01
417	4.160000	-2.247284e-01	-3.370925e-01	-8.932579e-01	-1.339887e+00	8.124358e-01
418	4.170001	-2.336160e-01	-3.504240e-01	-8.840910e-01	-1.326137e+00	8.124372e-01
419	4.180001	-2.424102e-01	-3.636152e-01	-8.745704e-01	-1.311856e+00	8.124385e-01
420	4.190001	-2.511074e-01	-3.766611e-01	-8.647001e-01	-1.297050e+00	8.124399e-01
421	4.200001	-2.597042e-01	-3.895563e-01	-8.544838e-01	-1.281726e+00	8.124413e-01
422	4.210001	-2.681971e-01	-4.022956e-01	-8.439258e-01	-1.265889e+00	8.124428e-01
423	4.220002	-2.765827e-01	-4.148740e-01	-8.330302e-01	-1.249545e+00	8.124443e-01
424	4.230002	-2.848577e-01	-4.272865e-01	-8.218014e-01	-1.232702e+00	8.124458e-01
425	4.240002	-2.930187e-01	-4.395281e-01	-8.102439e-01	-1.215366e+00	8.124474e-01
426	4.250002	-3.010625e-01	-4.515939e-01	-7.983623e-01	-1.197544e+00	8.124490e-01
427	4.260003	-3.089859e-01	-4.634790e-01	-7.861613e-01	-1.179242e+00	8.124505e-01
428	4.270003	-3.167858e-01	-4.751787e-01	-7.736459e-01	-1.160469e+00	8.124521e-01
429	4.280003	-3.244589e-01	-4.866884e-01	-7.608210e-01	-1.141232e+00	8.124536e-01
430	4.290003	-3.320022e-01	-4.980034e-01	-7.476918e-01	-1.121538e+00	8.124552e-01
431	4.300004	-3.394127e-01	-5.091192e-01	-7.342635e-01	-1.101395e+00	8.124568e-01
432	4.310004	-3.466875e-01	-5.200313e-01	-7.205415e-01	-1.080812e+00	8.124585e-01
433	4.320004	-3.538235e-01	-5.307354e-01	-7.065313e-01	-1.059797e+00	8.124601e-01
434	4.330004	-3.608181e-01	-5.412272e-01	-6.922385e-01	-1.038358e+00	8.124618e-01
435	4.340004	-3.676683e-01	-5.515025e-01	-6.776688e-01	-1.016503e+00	8.124634e-01
436	4.350005	-3.743715e-01	-5.615572e-01	-6.628280e-01	-9.942419e-01	8.124650e-01
437	4.360005	-3.809249e-01	-5.713874e-01	-6.477221e-01	-9.715830e-01	8.124666e-01
438	4.370005	-3.873259e-01	-5.809889e-01	-6.323571e-01	-9.485355e-01	8.124682e-01
439	4.380005	-3.935720e-01	-5.903580e-01	-6.167391e-01	-9.251086e-01	8.124698e-01
440	4.390006	-3.996607e-01	-5.994911e-01	-6.008744e-01	-9.013116e-01	8.124713e-01
441	4.400006	-4.055895e-01	-6.083843e-01	-5.847694e-01	-8.771541e-01	8.124728e-01
442	4.410006	-4.113561e-01	-6.170341e-01	-5.684305e-01	-8.526457e-01	8.124745e-01
443	4.420006	-4.169581e-01	-6.254372e-01	-5.518643e-01	-8.277963e-01	8.124760e-01
444	4.430007	-4.223934e-01	-6.335901e-01	-5.350772e-01	-8.026158e-01	8.124775e-01
445	4.440007	-4.276597e-01	-6.414896e-01	-5.180762e-01	-7.771142e-01	8.124790e-01
446	4.450007	-4.327549e-01	-6.491324e-01	-5.008679e-01	-7.513017e-01	8.124804e-01
447	4.460007	-4.376770e-01	-6.565156e-01	-4.834593e-01	-7.251887e-01	8.124818e-01
448	4.470007	-4.424241e-01	-6.636362e-01	-4.658572e-01	-6.987857e-01	8.124832e-01
449	4.480008	-4.469942e-01	-6.704913e-01	-4.480689e-01	-6.721032e-01	8.124845e-01
450	4.490008	-4.513855e-01	-6.770782e-01	-4.301013e-01	-6.451518e-01	8.124858e-01
451	4.500008	-4.555962e-01	-6.833944e-01	-4.119617e-01	-6.179423e-01	8.124871e-01
452	4.510008	-4.596247e-01	-6.894371e-01	-3.936573e-01	-5.904857e-01	8.124883e-01
453	4.520009	-4.634694e-01	-6.952041e-01	-3.751954e-01	-5.627929e-01	8.124894e-01
454	4.530009	-4.671286e-01	-7.006930e-01	-3.565834e-01	-5.348750e-01	8.124905e-01
455	4.540009	-4.706010e-01	-7.059016e-01	-3.378288e-01	-5.067431e-01	8.124915e-01
456	4.550009	-4.738852e-01	-7.108278e-01	-3.189391e-01	-4.784085e-01	8.124926e-01
457	4.560009	-4.769798e-01	-7.154697e-01	-2.999218e-01	-4.498825e-01	8.124935e-01
458	4.570010	-4.798836e-01	-7.198254e-01	-2.807845e-01	-4.211766e-01	8.124943e-01
459	4.580010	-4.825955e-01	-7.238932e-01	-2.615349e-01	-3.923023e-01	8.124951e-01
460	4.590010	-4.851143e-01	-7.276714e-01	-2.421807e-01	-3.632710e-01	8.124959e-01
461	4.600010	-4.874391e-01	-7.311586e-01	-2.227297e-01	-3.340944e-01	8.124967e-01
462	4.610011	-4.895689e-01	-7.343533e-01	-2.031895e-01	-3.047841e-01	8.124973e-01
463	4.620011	-4.915029e-01	-7.372543e-01	-1.835681e-01	-2.753520e-01	8.124980e-01
464	4.630011	-4.932403e-01	-7.398604e-01	-1.638732e-01	-2.458097e-01	8.124986e-01
465	4.640011	-4.947804e-01	-7.421705e-01	-1.441128e-01	-2.161691e-01	8.124990e-01
466	4.650012	-4.961226e-01	-7.441837e-01	-1.242947e-01	-1.864420e-01	8.124995e-01
467	4.660012	-4.972663e-01	-7.458993e-01	-1.044270e-01	-1.566404e-01	8.124998e-01
468	4.670012	-4.982111e-01	-7.473165e-01	-8.451741e-02	-1.267760e-01	8.125001e-01
469	4.680012	-4.989567e-01	-7.484348e-01	-6.457406e-02	-9.686101e-02	8.125005e-01
470	4.690012	-4.995026e-01	-7.492537e-01	-4.460487e-02	-6.690724e-02	8.125005e-01
471	4.700013	-4.998488e-01	-7.497730e-01	-2.461784e-02	-3.692671e-02	8.125007e-01
472	4.710013	-4.999950e-01	-7.499923e-01	-4.620969e-03	-6.931407e-03	8.125007e-01
473	4.720013	-4.999412e-01	-7.499115e-01	1.537775e-02	2.306667e-02	8.125007e-01
474	4.730013	-4.996874e-01	-7.495309e-01	3.537032e-02	5.305552e-02	8.125006e-01
475	4.740014	-4.992338e-01	-7.488505e-01	5.534875e-02	8.302315e-02	8.125004e-01
476	4.750014	-4.985804e-01	-7.478704e-01	7.530503e-02	1.129576e-01	8.125002e-01
477	4.760014	-4.977277e-01	-7.465913e-01	9.523119e-02	1.428468e-01	8.124999e-01
478	4.770014	-4.966758e-01	-7.450135e-01	1.151193e-01	1.726789e-01	8.124996e-01
479	4.780015	-4.954253e-01	-7.431377e-01	1.349613e-01	2.024419e-01	8.124991e-01
480	4.790015	-4.939766e-01	-7.409646e-01	1.547493e-01	2.321240e-01	8.124986e-01
481	4.800015	-4.923303e-01	-7.384952e-01	1.744755e-01	2.617132e-01	8.124981e-01
482	4.810015	-4.904871e-01	-7.357304e-01	1.941318e-01	2.911977e-01	8.124976e-01
483	4.820015	-4.884477e-01	-7.326712e-01	2.137105e-01	3.205657e-01	8.124969e-01
484	4.830016	-4.862129e-01	-7.293190e-01	2.332037e-01	3.498055e-01	8.124962e-01
485	4.840016	-4.837836e-01	-7.256751e-01	2.526037e-01	3.789054e-01	8.124955e-01
486	4.850016	-4.811608e-01	-7.217409e-01	2.719025e-01	4.078537e-01	8.124946e-01
487	4.860016	-4.783456e-01	-7.175180e-01	2.910927e-01	4.366389e-01	8.124937e-01
488	4.870017	-4.753390e-01	-7.130082e-01	3.101664e-01	4.652494e-01	8.124928e-01
489	4.880017	-4.721423e-01	-7.082131e-01	3.291160e-01	4.936738e-01	8.124919e-01
490	4.890017	-4.687567e-01	-7.031347e-01	3.479340e-01	5.219008e-01	8.124908e-01
491	4.900017	-4.651836e-01	-6.977751e-01	3.666128e-01	5.499189e-01	8.124897e-01
492	4.910017	-4.614244e-01	-6.921363e-01	3.851449e-01	5.777172e-01	8.124887e-01
493	4.920018	-4.574807e-01	-6.862208e-01	4.035231e-01	6.052843e-01	8.124875e-01
494	4.930018	-4.533540e-01	-6.800307e-01	4.217398e-01	6.326094e-01	8.124864e-01
495	4.940018	-4.490459e-01	-6.735686e-01	4.397877e-01	6.596814e-01	8.124850e-01
496	4.950018	-4.445582e-01	-6.668371e-01	4.576598e-01	6.864895e-01	8.124838e-01
497	4.960019	-4.398927e-01	-6.598389e-01	4.753489e-01	7.130230e-01	8.124825e-01
498	4.970019	-4.350512e-01	-6.525767e-01	4.928477e-01	7.392713e-01	8.124812e-01
499	4.980019	-4.300357e-01	-6.450534e-01	5.101495e-01	7.652239e-01	8.124797e-01
500	4.990019	-4.248482e-01	-6.372722e-01	5.272471e-01	7.908704e-01	8.124782e-01
501	5.000020	-4.194908e-01	-6.292360e-01	5.441339e-01	8.162006e-01	8.124768e-01
502	5.010020	-4.139655e-01	-6.209482e-01	5.608031e-01	8.412043e-01	8.124753e-01
503	5.020020	-4.082747e-01	-6.124120e-01	5.772479e-01	8.658715e-01	8.124738e-01
504	5.030020	-4.024206e-01	-6.036308e-01	5.934618e-01	8.901923e-01	8.124722e-01
505	5.040020	-3.964055e-01	-5.946081e-01	6.094383e-01	9.141571e-01	8.124707e-01
506	5.050021	-3.902318e-01	-5.853477e-01	6.251711e-01	9.377562e-01	8.124691e-01
507	5.060021	-3.839021e-01	-5.758530e-01	6.406537e-01	9.609802e-01	8.124676e-01
508	5.070021	-3.774188e-01	-5.661281e-01	6.558802e-01	9.838198e-01	8.124660e-01
509	5.080021	-3.707845e-01	-5.561767e-01	6.708442e-01	1.006266e+00	8.124644e-01
510	5.090022	-3.640019e-01	-5.460027e-01	6.855399e-01	1.028309e+00	8.124627e-01
511	5.100022	-3.570737e-01	-5.356104e-01	6.999614e-01	1.049942e+00	8.124611e-01
512	5.110022	-3.500026e-01	-5.250039e-01	7.141029e-01	1.071154e+00	8.124595e-01
513	5.120022	-3.427916e-01	-5.141874e-01	7.279588e-01	1.091938e+00	8.124579e-01
514	5.130023	-3.354435e-01	-5.031652e-01	7.415235e-01	1.112285e+00	8.124562e-01
515	5.140023	-3.279611e-01	-4.919417e-01	7.547916e-01	1.132187e+00	8.124546e-01
516	5.150023	-3.203476e-01	-4.805214e-01	7.677578e-01	1.151636e+00	8.124530e-01
517	5.160023	-3.126060e-01	-4.689090e-01	7.804168e-01	1.170625e+00	8.124514e-01
518	5.170023	-3.047393e-01	-4.571089e-01	7.927638e-01	1.189145e+00	8.124498e-01
519	5.180024	-2.967507e-01	-4.451261e-01	8.047936e-01	1.207190e+00	8.124483e-01
520	5.190024	-2.886434e-01	-4.329651e-01	8.165015e-01	1.224752e+00	8.124467e-01
521	5.200024	-2.804207e-01	-4.206310e-01	8.278828e-01	1.241824e+00	8.124452e-01
522	5.210024	-2.720858e-01	-4.081286e-01	8.389329e-01	1.258399e+00	8.124437e-01
523	5.220025	-2.636421e-01	-3.954630e-01	8.496474e-01	1.274471e+00	8.124422e-01
524	5.230025	-2.550929e-01	-3.826393e-01	8.600221e-01	1.290033e+00	8.124408e-01
525	5.240025	-2.464416e-01	-3.696624e-01	8.700528e-01	1.305079e+00	8.124394e-01
526	5.250025	-2.376918e-01	-3.565377e-01	8.797355e-01	1.319603e+00	8.124380e-01
527	5.260026	-2.288469e-01	-3.432704e-01	8.890662e-01	1.333599e+00	8.124366e-01
528	5.270026	-2.199105e-01	-3.298657e-01	8.980414e-01	1.347062e+00	8.124354e-01
529	5.280026	-2.108861e-01	-3.163291e-01	9.066573e-01	1.359986e+00	8.124341e-01
530	5.290026	-2.017773e-01	-3.026660e-01	9.149106e-01	1.372365e+00	8.124329e-01
531	5.300026	-1.925879e-01	-2.888818e-01	9.227979e-01	1.384196e+00	8.124316e-01
532	5.310027	-1.833214e-01	-2.749821e-01	9.303160e-01	1.395474e+00	8.124306e-01
533	5.320027	-1.739815e-01	-2.609723e-01	9.374621e-01	1.406193e+00	8.124295e-01
534	5.330027	-1.645721e-01	-2.468582e-01	9.442332e-01	1.416349e+00	8.124284e-01
535	5.340027	-1.550969e-01	-2.326453e-01	9.506266e-01	1.425939e+00	8.124274e-01
536	5.350028	-1.455596e-01	-2.183394e-01	9.566397e-01	1.434959e+00	8.124265e-01
537	5.360028	-1.359641e-01	-2.039462e-01	9.622702e-01	1.443405e+00	8.124257e-01
538	5.370028	-1.263142e-01	-1.894713e-01	9.675158e-01	1.451273e+00	8.124248e-01
539	5.380028	-1.166138e-01	-1.749207e-01	9.723743e-01	1.458561e+00	8.124241e-01
540	5.390028	-1.068667e-01	-1.603001e-01	9.768440e-01	1.465266e+00	8.124234e-01
541	5.400029	-9.707692e-02	-1.456154e-01	9.809228e-01	1.471384e+00	8.124228e-01
542	5.410029	-8.724827e-02	-1.308724e-01	9.846093e-01	1.476914e+00	8.124222e-01
543	5.420029	-7.738473e-02	-1.160771e-01	9.879020e-01	1.481853e+00	8.124216e-01
544	5.430029	-6.749023e-02	-1.012354e-01	9.907995e-01	1.486199e+00	8.124211e-01
545	5.440030	-5.756874e-02	-8.635315e-02	9.933007e-01	1.489951e+00	8.124207e-01
546	5.450030	-4.762422e-02	-7.143638e-02	9.954045e-01	1.493106e+00	8.124204e-01
547	5.460030	-3.766065e-02	-5.649102e-02	9.971102e-01	1.495665e+00	8.124202e-01
548	5.470030	-2.768202e-02	-4.152308e-02	9.984171e-01	1.497625e+00	8.124200e-01
549	5.480031	-1.769231e-02	-2.653852e-02	9.993246e-01	1.498986e+00	8.124198e-01
550	5.490031	-7.695525e-03	-1.154335e-02	9.998323e-01	1.499748e+00	8.124197e-01
551	5.500031	2.304338e-03	3.456440e-03	9.999402e-01	1.499910e+00	8.124198e-01
552	5.510031	1.230328e-02	1.845485e-02	9.996480e-01	1.499472e+00	8.124198e-01
553	5.520031	2.229730e-02	3.344587e-02	9.989560e-01	1.498434e+00	8.124200e-01
554	5.530032	3.228240e-02	4.842352e-02	9.978644e-01	1.496796e+00	8.124201e-01
555	5.540032	4.225458e-02	6.338180e-02	9.963737e-01	1.494560e+00	8.124204e-01
556	5.550032	5.220987e-02	7.831472e-02	9.944844e-01	1.491726e+00	8.124207e-01
557	5.560032	6.214427e-02	9.321632e-02	9.921973e-01	1.488296e+00	8.124210e-01
558	5.570033	7.205382e-02	1.080806e-01	9.895133e-01	1.484270e+00	8.124215e-01
559	5.580033	8.193454e-02	1.229017e-01	9.864336e-01	1.479650e+00	8.124220e-01
560	5.590033	9.178249e-02	1.376736e-01	9.829592e-01	1.474439e+00	8.124226e-01
561	5.600033	1.015937e-01	1.523905e-01	9.790917e-01	1.468637e+00	8.124232e-01
562	5.610034	1.113643e-01	1.670464e-01	9.748325e-01	1.462249e+00	8.124239e-01
563	5.620034	1.210904e-01	1.816354e-01	9.701834e-01	1.455275e+00	8.124245e-01
564	5.630034	1.307680e-01	1.961519e-01	9.651462e-01	1.447719e+00	8.124254e-01
565	5.640034	1.403933e-01	2.105898e-01	9.597230e-01	1.439584e+00	8.124262e-01
566	5.650034	1.499625e-01	2.249435e-01	9.539159e-01	1.430874e+00	8.124272e-01
567	5.660035	1.594716e-01	2.392073e-01	9.477272e-01	1.421591e+00	8.124281e-01
568	5.670035	1.689170e-01	2.533754e-01	9.411594e-01	1.411739e+00	8.124290e-01
569	5.680035	1.782948e-01	2.674421e-01	9.342152e-01	1.401323e+00	8.124300e-01
570	5.690035	1.876013e-01	2.814018e-01	9.268973e-01	1.390346e+00	8.124312e-01
571	5.700036	1.968327e-01	2.952490e-01	9.192086e-01	1.378813e+00	8.124323e-01
572	5.710036	2.059855e-01	3.089781e-01	9.111522e-01	1.366728e+00	8.124335e-01
573	5.720036	2.150558e-01	3.225835e-01	9.027314e-01	1.354097e+00	8.124348e-01
574	5.730036	2.240401e-01	3.360600e-01	8.939495e-01	1.340924e+00	8.124361e-01
575	5.740036	2.329348e-01	3.494020e-01	8.848100e-01	1.327215e+00	8.124374e-01
576	5.750037	2.417363e-01	3.626043e-01	8.753166e-01	1.312975e+00	8.124388e-01
577	5.760037	2.504411e-01	3.756615e-01	8.654731e-01	1.298210e+00	8.124403e-01
578	5.770037	2.590457e-01	3.885685e-01	8.552834e-01	1.282925e+00	8.124417e-01
579	5.780037	2.675468e-01	4.013200e-01	8.447515e-01	1.267127e+00	8.124431e-01
580	5.790038	2.759408e-01	4.139110e-01	8.338818e-01	1.250823e+00	8.124446e-01
581	5.800038	2.842244e-01	4.263365e-01	8.226785e-01	1.234018e+00	8.124462e-01
582	5.810038	2.923943e-01	4.385914e-01	8.111461e-01	1.216719e+00	8.124477e-01
583	5.820038	3.004473e-01	4.506709e-01	7.992893e-01	1.198934e+00	8.124492e-01
584	5.830039	3.083801e-01	4.625701e-01	7.871127e-01	1.180669e+00	8.124509e-01
585	5.840039	3.161896e-01	4.742843e-01	7.746213e-01	1.161932e+00	8.124524e-01
586	5.850039	3.238726e-01	4.858088e-01	7.618201e-01	1.142730e+00	8.124541e-01
587	5.860039	3.314260e-01	4.971389e-01	7.487141e-01	1.123071e+00	8.124557e-01
588	5.870039	3.388469e-01	5.082701e-01	7.353086e-01	1.102963e+00	8.124573e-01
589	5.880040	3.461322e-01	5.191981e-01	7.216091e-01	1.082414e+00	8.124589e-01
590	5.890040	3.532791e-01	5.299184e-01	7.076209e-01	1.061431e+00	8.124605e-01
591	5.900040	3.602846e-01	5.404267e-01	6.933496e-01	1.040024e+00	8.124621e-01
592	5.910040	3.671460e-01	5.507189e-01	6.788010e-01	1.018201e+00	8.124637e-01
593	5.920041	3.738606e-01	5.607908e-01	6.639808e-01	9.959711e-01	8.124653e-01
594	5.930041	3.804257e-01	5.706384e-01	6.488951e-01	9.733425e-01	8.124670e-01
595	5.940041	3.868385e-01	5.802577e-01	6.335499e-01	9.503246e-01	8.124685e-01
596	5.950041	3.930967e-01	5.896448e-01	6.179512e-01	9.269266e-01	8.124701e-01
597	5.960042	3.991975e-01	5.987962e-01	6.021053e-01	9.031577e-01	8.124717e-01
598	5.970042	4.051388e-01	6.077080e-01	5.860186e-01	8.790276e-01	8.124732e-01
599	5.980042	4.109179e-01	6.163767e-01	5.696974e-01	8.545459e-01	8.124747e-01
600	5.990042	4.165327e-01	6.247989e-01	5.531484e-01	8.297224e-01	8.124762e-01
601	6.000042	4.219809e-01	6.329712e-01	5.363782e-01	8.045670e-01	8.124777e-01
602	6.010043	4.272603e-01	6.408902e-01	5.193934e-01	7.790897e-01	8.124793e-01
603	6.020043	4.323688e-01	6.485530e-01	5.022008e-01	7.533009e-01	8.124807e-01
604	6.030043	4.373043e-01	6.559563e-01	4.848073e-01	7.272107e-01	8.124821e-01
605	6.040043	4.420649e-01	6.630972e-01	4.672199e-01	7.008296e-01	8.124834e-01
606	6.050044	4.466487e-01	6.699729e-01	4.494456e-01	6.741682e-01	8.124847e-01
607	6.060044	4.510538e-01	6.765806e-01	4.314916e-01	6.472372e-01	8.124861e-01
608	6.070044	4.552785e-01	6.829177e-01	4.133649e-01	6.200472e-01	8.124873e-01
609	6.080044	4.593211e-01	6.889815e-01	3.950730e-01	5.926092e-01	8.124886e-01
610	6.090044	4.631800e-01	6.947698e-01	3.766229e-01	5.649342e-01	8.124897e-01
611	6.100045	4.668536e-01	7.002802e-01	3.580223e-01	5.370332e-01	8.124908e-01
612	6.110045	4.703404e-01	7.055104e-01	3.392784e-01	5.089174e-01	8.124918e-01
613	6.120045	4.736392e-01	7.104585e-01	3.203988e-01	4.805980e-01	8.124928e-01
614	6.130045	4.767484e-01	7.151224e-01	3.013911e-01	4.520864e-01	8.124937e-01
615	6.140046	4.796670e-01	7.195002e-01	2.822627e-01	4.233939e-01	8.124947e-01
616	6.150046	4.823937e-01	7.235903e-01	2.630215e-01	3.945321e-01	8.124955e-01
617	6.160046	4.849274e-01	7.273909e-01	2.436751e-01	3.655125e-01	8.124963e-01
618	6.170046	4.872672e-01	7.309005e-01	2.242312e-01	3.363467e-01	8.124971e-01
619	6.180047	4.894121e-01	7.341178e-01	2.046976e-01	3.070463e-01	8.124977e-01
620	6.190047	4.913612e-01	7.370415e-01	1.850822e-01	2.776231e-01	8.124985e-01
621	6.200047	4.931137e-01	7.396703e-01	1.653927e-01	2.480889e-01	8.124989e-01
622	6.210047	4.946690e-01	7.420032e-01	1.456370e-01	2.184554e-01	8.124995e-01
623	6.220047	4.960265e-01	7.440394e-01	1.258231e-01	1.887346e-01	8.124999e-01
624	6.230048	4.971855e-01	7.457779e-01	1.059589e-01	1.589382e-01	8.125002e-01
625	6.240048	4.981456e-01	7.472181e-01	8.605224e-02	1.290783e-01	8.125005e-01
626	6.250048	4.989065e-01	7.483594e-01	6.611120e-02	9.916677e-02	8.125007e-01
627	6.260048	4.994678e-01	7.492014e-01	4.614371e-02	6.921555e-02	8.125009e-01
628	6.270049	4.998294e-01	7.497438e-01	2.615777e-02	3.923665e-02	8.125010e-01
629	6.280049	4.999910e-01	7.499862e-01	6.161362e-03	9.242048e-03	8.125010e-01
630	6.290049	4.999526e-01	7.499286e-01	-1.383751e-02	-2.075625e-02	8.125011e-01
631	6.300049	4.997142e-01	7.495710e-01	-3.383084e-02	-5.074624e-02	8.125010e-01
632	6.310050	4.992760e-01	7.489136e-01	-5.381065e-02	-8.071593e-02	8.125008e-01
633	6.320050	4.986380e-01	7.479567e-01	-7.376893e-02	-1.106533e-01	8.125007e-01
634	6.330050	4.978006e-01	7.467006e-01	-9.369770e-02	-1.405465e-01	8.125004e-01
635	6.340050	4.967641e-01	7.451458e-01	-1.135890e-01	-1.703834e-01	8.125001e-01
636	6.350050	4.955288e-01	7.432929e-01	-1.334348e-01	-2.001522e-01	8.124997e-01
637	6.360051	4.940954e-01	7.411427e-01	-1.532273e-01	-2.298409e-01	8.124992e-01
638	6.370051	4.924643e-01	7.386961e-01	-1.729585e-01	-2.594377e-01	8.124987e-01
639	6.380051	4.906362e-01	7.359540e-01	-1.926205e-01	-2.889307e-01	8.124980e-01
640	6.390051	4.886119e-01	7.329175e-01	-2.122055e-01	-3.183081e-01	8.124974e-01
641	6.400052	4.863921e-01	7.295878e-01	-2.317056e-01	-3.475582e-01	8.124967e-01
642	6.410052	4.839778e-01	7.259663e-01	-2.511130e-01	-3.766693e-01	8.124959e-01
643	6.420052	4.813699e-01	7.220544e-01	-2.704199e-01	-4.056297e-01	8.124950e-01
644	6.430052	4.785694e-01	7.178537e-01	-2.896187e-01	-4.344279e-01	8.124942e-01
645	6.440053	4.755775e-01	7.133658e-01	-3.087016e-01	-4.630523e-01	8.124933e-01
646	6.450053	4.723954e-01	7.085926e-01	-3.276611e-01	-4.914914e-01	8.124923e-01
647	6.460053	4.690243e-01	7.035360e-01	-3.464895e-01	-5.197340e-01	8.124912e-01
648	6.470053	4.654656e-01	6.981979e-01	-3.651793e-01	-5.477687e-01	8.124901e-01
649	6.480053	4.617207e-01	6.925806e-01	-3.837230e-01	-5.755843e-01	8.124890e-01
650	6.490054	4.577911e-01	6.866862e-01	-4.021133e-01	-6.031696e-01	8.124878e-01
651	6.500054	4.536784e-01	6.805172e-01	-4.203427e-01	-6.305137e-01	8.124866e-01
652	6.510054	4.493842e-01	6.740760e-01	-4.384039e-01	-6.576055e-01	8.124853e-01
653	6.520054	4.449103e-01	6.673651e-01	-4.562898e-01	-6.844344e-01	8.124840e-01
654	6.530055	4.402584e-01	6.603873e-01	-4.739932e-01	-7.109894e-01	8.124827e-01
655	6.540055	4.354305e-01	6.531453e-01	-4.915070e-01	-7.372600e-01	8.124813e-01
656	6.550055	4.304283e-01	6.456421e-01	-5.088241e-01	-7.632358e-01	8.124800e-01
657	6.560055	4.252540e-01	6.378806e-01	-5.259377e-01	-7.889063e-01	8.124785e-01
658	6.570055	4.199096e-01	6.298640e-01	-5.428410e-01	-8.142611e-01	8.124771e-01
659	6.580056	4.143972e-01	6.215954e-01	-5.595272e-01	-8.392903e-01	8.124756e-01
660	6.590056	4.087190e-01	6.130782e-01	-5.759895e-01	-8.639838e-01	8.124741e-01
661	6.600056	4.028774e-01	6.043157e-01	-5.922214e-01	-8.883317e-01	8.124725e-01
662	6.610056	3.968746e-01	5.953115e-01	-6.082165e-01	-9.123242e-01	8.124709e-01
663	6.620057	3.907131e-01	5.860692e-01	-6.239682e-01	-9.359519e-01	8.124694e-01
664	6.630057	3.843952e-01	5.765925e-01	-6.394704e-01	-9.592052e-01	8.124678e-01
665	6.640057	3.779237e-01	5.668851e-01	-6.547168e-01	-9.820747e-01	8.124663e-01
666	6.650057	3.713009e-01	5.569510e-01	-6.697013e-01	-1.004551e+00	8.124646e-01
667	6.660058	3.645296e-01	5.467941e-01	-6.844179e-01	-1.026626e+00	8.124630e-01
668	6.670058	3.576126e-01	5.364184e-01	-6.988608e-01	-1.048291e+00	8.124614e-01
669	6.680058	3.505524e-01	5.258282e-01	-7.130241e-01	-1.069535e+00	8.124597e-01
670	6.690058	3.433520e-01	5.150277e-01	-7.269022e-01	-1.090353e+00	8.124580e-01
671	6.700058	3.360144e-01	5.040212e-01	-7.404895e-01	-1.110734e+00	8.124565e-01
672	6.710059	3.285423e-01	4.928130e-01	-7.537807e-01	-1.130670e+00	8.124548e-01
673	6.720059	3.209387e-01	4.814078e-01	-7.667703e-01	-1.150155e+00	8.124533e-01
674	6.730059	3.132069e-01	4.698099e-01	-7.794532e-01	-1.169179e+00	8.124517e-01
675	6.740059	3.053497e-01	4.580242e-01	-7.918243e-01	-1.187736e+00	8.124501e-01
676	6.750060	2.973704e-01	4.460552e-01	-8.038787e-01	-1.205817e+00	8.124485e-01
677	6.760060	2.892721e-01	4.339078e-01	-8.156116e-01	-1.223417e+00	8.124470e-01
678	6.770060	2.810581e-01	4.215869e-01	-8.270182e-01	-1.240526e+00	8.124454e-01
679	6.780060	2.727318e-01	4.090973e-01	-8.380940e-01	-1.257140e+00	8.124440e-01
680	6.790061	2.642963e-01	3.964441e-01	-8.488346e-01	-1.273251e+00	8.124424e-01
681	6.800061	2.557551e-01	3.836322e-01	-8.592356e-01	-1.288852e+00	8.124410e-01
682	6.810061	2.471116e-01	3.706670e-01	-8.692929e-01	-1.303938e+00	8.124395e-01
683	6.820061	2.383692e-01	3.575535e-01	-8.790025e-01	-1.318503e+00	8.124381e-01
684	6.830061	2.295315e-01	3.442969e-01	-8.883605e-01	-1.332540e+00	8.124368e-01
685	6.840062	2.206020e-01	3.309026e-01	-8.973632e-01	-1.346044e+00	8.124354e-01
686	6.850062	2.115843e-01	3.173760e-01	-9.060069e-01	-1.359009e+00	8.124342e-01
687	6.860062	2.024819e-01	3.037224e-01	-9.142883e-01	-1.371431e+00	8.124330e-01
688	6.870062	1.932985e-01	2.899474e-01	-9.222039e-01	-1.383305e+00	8.124318e-01
689	6.880063	1.840378e-01	2.760563e-01	-9.297506e-01	-1.394625e+00	8.124307e-01
690	6.890063	1.747035e-01	2.620549e-01	-9.369255e-01	-1.405387e+00	8.124295e-01
691	6.900063	1.652993e-01	2.479486e-01	-9.437255e-01	-1.415587e+00	8.124285e-01
692	6.910063	1.558290e-01	2.337432e-01	-9.501481e-01	-1.425221e+00	8.124275e-01
693	6.920063	1.462963e-01	2.194442e-01	-9.561906e-01	-1.434285e+00	8.124266e-01
694	6.930064	1.367052e-01	2.050575e-01	-9.618506e-01	-1.442775e+00	8.124257e-01
695	6.940064	1.270593e-01	1.905887e-01	-9.671260e-01	-1.450688e+00	8.124248e-01
696	6.950064	1.173626e-01	1.760437e-01	-9.720144e-01	-1.458020e+00	8.124241e-01
697	6.960064	1.076190e-01	1.614283e-01	-9.765140e-01	-1.464770e+00	8.124233e-01
698	6.970065	9.783236e-02	1.467483e-01	-9.806230e-01	-1.470933e+00	8.124226e-01
699	6.980065	8.800656e-02	1.320096e-01	-9.843398e-01	-1.476508e+00	8.124220e-01
700	6.990065	7.814556e-02	1.172182e-01	-9.876628e-01	-1.481493e+00	8.124214e-01
701	7.000065	6.825331e-02	1.023798e-01	-9.905908e-01	-1.485885e+00	8.124210e-01
702	7.010066	5.833375e-02	8.750047e-02	-9.931225e-01	-1.489682e+00	8.124206e-01
703	7.020066	4.839086e-02	7.258614e-02	-9.952570e-01	-1.492884e+00	8.124202e-01
704	7.030066	3.842861e-02	5.764278e-02	-9.969934e-01	-1.495489e+00	8.124200e-01
705	7.040066	2.845099e-02	4.267637e-02	-9.983310e-01	-1.497495e+00	8.124198e-01
706	7.050066	1.846199e-02	2.769288e-02	-9.992692e-01	-1.498902e+00	8.124197e-01
707	7.060067	8.465602e-03	1.269832e-02	-9.998078e-01	-1.499710e+00	8.124196e-01
708	7.070067	-1.534169e-03	-2.301325e-03	-9.999464e-01	-1.499918e+00	8.124195e-01
709	7.080067	-1.153333e-02	-1.730005e-02	-9.996850e-01	-1.499526e+00	8.124195e-01
710	7.090067	-2.152787e-02	-3.229185e-02	-9.990239e-01	-1.498534e+00	8.124197e-01
711	7.100068	-3.151380e-02	-4.727073e-02	-9.979630e-01	-1.496943e+00	8.124199e-01
712	7.110068	-4.148713e-02	-6.223071e-02	-9.965030e-01	-1.494753e+00	8.124201e-01
713	7.120068	-5.144386e-02	-7.716579e-02	-9.946444e-01	-1.491965e+00	8.124204e-01
714	7.130068	-6.138001e-02	-9.207001e-02	-9.923880e-01	-1.488580e+00	8.124208e-01
715	7.140069	-7.129162e-02	-1.069374e-01	-9.897345e-01	-1.484600e+00	8.124213e-01
716	7.150069	-8.117470e-02	-1.217620e-01	-9.866852e-01	-1.480026e+00	8.124217e-01
717	7.160069	-9.102532e-02	-1.365379e-01	-9.832412e-01	-1.474860e+00	8.124222e-01
718	7.170069	-1.008395e-01	-1.512592e-01	-9.794039e-01	-1.469104e+00	8.124229e-01
719	7.180069	-1.106134e-01	-1.659200e-01	-9.751748e-01	-1.462761e+00	8.124236e-01
720	7.190070	-1.203430e-01	-1.805144e-01	-9.705557e-01	-1.455832e+00	8.124243e-01
721	7.200070	-1.300245e-01	-1.950366e-01	-9.655484e-01	-1.448321e+00	8.124251e-01
722	7.210070	-1.396540e-01	-2.094809e-01	-9.601548e-01	-1.440231e+00	8.124260e-01
723	7.220070	-1.492276e-01	-2.238413e-01	-9.543772e-01	-1.431564e+00	8.124269e-01
724	7.230071	-1.587415e-01	-2.381121e-01	-9.482178e-01	-1.422325e+00	8.124278e-01
725	7.240071	-1.681920e-01	-2.522878e-01	-9.416791e-01	-1.412517e+00	8.124288e-01
726	7.250071	-1.775751e-01	-2.663625e-01	-9.347638e-01	-1.402144e+00	8.124299e-01
727	7.260071	-1.868872e-01	-2.803307e-01	-9.274746e-01	-1.391210e+00	8.124310e-01
728	7.270072	-1.961246e-01	-2.941867e-01	-9.198143e-01	-1.379720e+00	8.124322e-01
729	7.280072	-2.052835e-01	-3.079250e-01	-9.117862e-01	-1.367678e+00	8.124334e-01
730	7.290072	-2.143603e-01	-3.215402e-01	-9.033933e-01	-1.355088e+00	8.124346e-01
731	7.300072	-2.233514e-01	-3.350268e-01	-8.946391e-01	-1.341957e+00	8.124358e-01
732	7.310072	-2.322531e-01	-3.483794e-01	-8.855270e-01	-1.328289e+00	8.124371e-01
733	7.320073	-2.410619e-01	-3.615926e-01	-8.760607e-01	-1.314089e+00	8.124384e-01
734	7.330073	-2.497743e-01	-3.746612e-01	-8.662440e-01	-1.299364e+00	8.124398e-01
735	7.340073	-2.583868e-01	-3.875799e-01	-8.560808e-01	-1.284119e+00	8.124412e-01
736	7.350073	-2.668959e-01	-4.003436e-01	-8.455751e-01	-1.268361e+00	8.124427e-01
737	7.360074	-2.752983e-01	-4.129471e-01	-8.347312e-01	-1.252095e+00	8.124441e-01
738	7.370074	-2.835906e-01	-4.253855e-01	-8.235534e-01	-1.235328e+00	8.124456e-01
739	7.380074	-2.917694e-01	-4.376537e-01	-8.120462e-01	-1.218068e+00	8.124471e-01
740	7.390074	-2.998315e-01	-4.497468e-01	-8.002142e-01	-1.200320e+00	8.124486e-01
741	7.400074	-3.077737e-01	-4.616601e-01	-7.880622e-01	-1.182091e+00	8.124503e-01
742	7.410075	-3.155927e-01	-4.733887e-01	-7.755948e-01	-1.163391e+00	8.124518e-01
743	7.420075	-3.232856e-01	-4.849279e-01	-7.628173e-01	-1.144224e+00	8.124534e-01
744	7.430075	-3.308491e-01	-4.962732e-01	-7.497346e-01	-1.124600e+00	8.124551e-01
745	7.440075	-3.382803e-01	-5.074199e-01	-7.363520e-01	-1.104526e+00	8.124566e-01
746	7.450076	-3.455761e-01	-5.183637e-01	-7.226748e-01	-1.084011e+00	8.124582e-01
747	7.460076	-3.527338e-01	-5.291001e-01	-7.087086e-01	-1.063061e+00	8.124598e-01
748	7.470076	-3.597503e-01	-5.396249e-01	-6.944590e-01	-1.041687e+00	8.124615e-01
749	7.480076	-3.666229e-01	-5.499338e-01	-6.799315e-01	-1.019896e+00	8.124630e-01
750	7.490077	-3.733489e-01	-5.600228e-01	-6.651321e-01	-9.976965e-01	8.124647e-01
751	7.500077	-3.799256e-01	-5.698878e-01	-6.500666e-01	-9.750983e-01	8.124663e-01
752	7.510077	-3.863503e-01	-5.795248e-01	-6.347411e-01	-9.521101e-01	8.124679e-01
753	7.520077	-3.926204e-01	-5.889300e-01	-6.191617e-01	-9.287410e-01	8.124695e-01
754	7.530077	-3.987335e-01	-5.980996e-01	-6.033346e-01	-9.050004e-01	8.124712e-01
755	7.540078	-4.046871e-01	-6.070300e-01	-5.872662e-01	-8.808978e-01	8.124727e-01
756	7.550078	-4.104788e-01	-6.157175e-01	-5.709629e-01	-8.564429e-01	8.124742e-01
757	7.560078	-4.161064e-01	-6.241588e-01	-5.544312e-01	-8.316454e-01	8.124757e-01
758	7.570078	-4.215675e-01	-6.323504e-01	-5.376777e-01	-8.065152e-01	8.124772e-01
759	7.580079	-4.268599e-01	-6.402891e-01	-5.207092e-01	-7.810624e-01	8.124787e-01
760	7.590079	-4.319817e-01	-6.479717e-01	-5.035324e-01	-7.552971e-01	8.124801e-01
761	7.600079	-4.369306e-01	-6.553951e-01	-4.861541e-01	-7.292298e-01	8.124815e-01
762	7.610079	-4.417047e-01	-6.625563e-01	-4.685814e-01	-7.028708e-01	8.124829e-01
763	7.620080	-4.463022e-01	-6.694525e-01	-4.508213e-01	-6.762306e-01	8.124842e-01
764	7.630080	-4.507211e-01	-6.760809e-01	-4.328808e-01	-6.493199e-01	8.124855e-01
765	7.640080	-4.549598e-01	-6.824389e-01	-4.147672e-01	-6.221495e-01	8.124867e-01
766	7.650080	-4.590165e-01	-6.885238e-01	-3.964877e-01	-5.947303e-01	8.124878e-01
767	7.660080	-4.628896e-01	-6.943334e-01	-3.780496e-01	-5.670731e-01	8.124890e-01
768	7.670081	-4.665775e-01	-6.998653e-01	-3.594602e-01	-5.391892e-01	8.124902e-01
769	7.680081	-4.700788e-01	-7.051172e-01	-3.407271e-01	-5.110895e-01	8.124912e-01
770	7.690081	-4.733920e-01	-7.100871e-01	-3.218577e-01	-4.827854e-01	8.124923e-01
771	7.700081	-4.765159e-01	-7.147729e-01	-3.028595e-01	-4.542882e-01	8.124933e-01
772	7.710082	-4.794492e-01	-7.191729e-01	-2.837402e-01	-4.256093e-01	8.124942e-01
773	7.720082	-4.821908e-01	-7.232851e-01	-2.645074e-01	-3.967601e-01	8.124950e-01
774	7.730082	-4.847394e-01	-7.271081e-01	-2.451688e-01	-3.677523e-01	8.124958e-01
775	7.740082	-4.870941e-01	-7.306402e-01	-2.257321e-01	-3.385973e-01	8.124965e-01
776	7.750082	-4.892540e-01	-7.338800e-01	-2.062052e-01	-3.093069e-01	8.124973e-01
777	7.760083	-4.912182e-01	-7.368264e-01	-1.865957e-01	-2.798928e-01	8.124979e-01
778	7.770083	-4.929860e-01	-7.394779e-01	-1.669116e-01	-2.503667e-01	8.124985e-01
779	7.780083	-4.945565e-01	-7.418337e-01	-1.471608e-01	-2.207405e-01	8.124990e-01
780	7.790083	-4.959292e-01	-7.438927e-01	-1.273511e-01	-1.910260e-01	8.124994e-01
781	7.800084	-4.971035e-01	-7.456542e-01	-1.074904e-01	-1.612350e-01	8.124999e-01
782	7.810084	-4.980790e-01	-7.471175e-01	-8.758677e-02	-1.313796e-01	8.125002e-01
783	7.820084	-4.988553e-01	-7.482818e-01	-6.764808e-02	-1.014716e-01	8.125005e-01
784	7.830084	-4.994320e-01	-7.491469e-01	-4.768234e-02	-7.152303e-02	8.125006e-01
785	7.840085	-4.998089e-01	-7.497123e-01	-2.769752e-02	-4.154585e-02	8.125008e-01
786	7.850085	-4.999859e-01	-7.499778e-01	-7.701624e-03	-1.155205e-02	8.125009e-01
787	7.860085	-4.999630e-01	-7.499434e-01	1.229735e-02	1.844637e-02	8.125009e-01
788	7.870085	-4.997400e-01	-7.496089e-01	3.229141e-02	4.843742e-02	8.125008e-01
789	7.880085	-4.993171e-01	-7.489746e-01	5.227255e-02	7.840909e-02	8.125007e-01
790	7.890086	-4.986945e-01	-7.480407e-01	7.223278e-02	1.083494e-01	8.125005e-01
791	7.900086	-4.978724e-01	-7.468076e-01	9.216412e-02	1.382464e-01	8.125002e-01
792	7.910086	-4.968512e-01	-7.452758e-01	1.120586e-01	1.680880e-01	8.124999e-01
793	7.920086	-4.956313e-01	-7.434459e-01	1.319082e-01	1.978624e-01	8.124995e-01
794	7.930087	-4.942131e-01	-7.413186e-01	1.517051e-01	2.275577e-01	8.124990e-01
795	7.940087	-4.925972e-01	-7.388948e-01	1.714413e-01	2.571620e-01	8.124986e-01
796	7.950087	-4.907843e-01	-7.361754e-01	1.911089e-01	2.866634e-01	8.124980e-01
797	7.960087	-4.887750e-01	-7.331615e-01	2.107001e-01	3.160501e-01	8.124974e-01
798	7.970088	-4.865703e-01	-7.298544e-01	2.302070e-01	3.453104e-01	8.124967e-01
799	7.980088	-4.841709e-01	-7.262554e-01	2.496219e-01	3.744327e-01	8.124960e-01
800	7.990088	-4.815778e-01	-7.223658e-01	2.689368e-01	4.034051e-01	8.124952e-01
801	8.000088	-4.787922e-01	-7.181873e-01	2.881442e-01	4.322161e-01	8.124944e-01
802	8.010088	-4.758150e-01	-7.137215e-01	3.072363e-01	4.608543e-01	8.124934e-01
803	8.020088	-4.726474e-01	-7.089702e-01	3.262056e-01	4.893081e-01	8.124925e-01
804	8.030088	-4.692909e-01	-7.039353e-01	3.450443e-01	5.175663e-01	8.124915e-01
805	8.040089	-4.657466e-01	-6.986189e-01	3.637451e-01	5.456173e-01	8.124903e-01
806	8.050089	-4.620160e-01	-6.930230e-01	3.823003e-01	5.734502e-01	8.124893e-01
807	8.060089	-4.581006e-01	-6.871499e-01	4.007027e-01	6.010537e-01	8.124881e-01
808	8.070089	-4.540019e-01	-6.810019e-01	4.189447e-01	6.284167e-01	8.124869e-01
809	8.080090	-4.497217e-01	-6.745815e-01	4.370192e-01	6.555284e-01	8.124856e-01
810	8.090090	-4.452615e-01	-6.678913e-01	4.549189e-01	6.823778e-01	8.124843e-01
811	8.100090	-4.406233e-01	-6.609340e-01	4.726366e-01	7.089543e-01	8.124830e-01
812	8.110090	-4.358088e-01	-6.537122e-01	4.901652e-01	7.352473e-01	8.124816e-01
813	8.120090	-4.308200e-01	-6.462290e-01	5.074978e-01	7.612461e-01	8.124801e-01
814	8.130091	-4.256589e-01	-6.384873e-01	5.246274e-01	7.869404e-01	8.124787e-01
815	8.140091	-4.203275e-01	-6.304902e-01	5.415471e-01	8.123199e-01	8.124772e-01
816	8.150091	-4.148279e-01	-6.222409e-01	5.582502e-01	8.373746e-01	8.124758e-01
817	8.160091	-4.091624e-01	-6.137427e-01	5.747300e-01	8.620942e-01	8.124743e-01
818	8.170092	-4.033333e-01	-6.049990e-01	5.909799e-01	8.864691e-01	8.124727e-01
819	8.180092	-3.973428e-01	-5.960133e-01	6.069934e-01	9.104893e-01	8.124711e-01
820	8.190092	-3.911934e-01	-5.867892e-01	6.227642e-01	9.341454e-01	8.124695e-01
821	8.200092	-3.848875e-01	-5.773304e-01	6.382858e-01	9.574278e-01	8.124679e-01
822	8.210093	-3.784277e-01	-5.676406e-01	6.535521e-01	9.803272e-01	8.124664e-01
823	8.220093	-3.718165e-01	-5.577238e-01	6.685570e-01	1.002834e+00	8.124647e-01
824	8.230093	-3.650566e-01	-5.475839e-01	6.832945e-01	1.024941e+00	8.124631e-01
825	8.240093	-3.581506e-01	-5.372250e-01	6.977586e-01	1.046637e+00	8.124615e-01
826	8.250093	-3.511014e-01	-5.266512e-01	7.119436e-01	1.067914e+00	8.124599e-01
827	8.260094	-3.439118e-01	-5.158668e-01	7.258439e-01	1.088765e+00	8.124583e-01
828	8.270094	-3.365845e-01	-5.048760e-01	7.394539e-01	1.109179e+00	8.124567e-01
829	8.280094	-3.291227e-01	-4.936832e-01	7.527680e-01	1.129151e+00	8.124551e-01
830	8.290094	-3.215292e-01	-4.822930e-01	7.657810e-01	1.148670e+00	8.124534e-01
831	8.300095	-3.138071e-01	-4.707098e-01	7.784877e-01	1.167730e+00	8.124518e-01
832	8.310095	-3.059594e-01	-4.589384e-01	7.908831e-01	1.186323e+00	8.124503e-01
833	8.320095	-2.979894e-01	-4.469833e-01	8.029621e-01	1.204442e+00	8.124486e-01
834	8.330095	-2.899002e-01	-4.348495e-01	8.147199e-01	1.222078e+00	8.124471e-01
835	8.340096	-2.816950e-01	-4.225418e-01	8.261518e-01	1.239226e+00	8.124456e-01
836	8.350096	-2.733772e-01	-4.100650e-01	8.372532e-01	1.255878e+00	8.124440e-01
837	8.360096	-2.649499e-01	-3.974242e-01	8.480198e-01	1.272028e+00	8.124426e-01
838	8.370096	-2.564168e-01	-3.846244e-01	8.584471e-01	1.287669e+00	8.124411e-01
839	8.380096	-2.477810e-01	-3.716708e-01	8.685311e-01	1.302795e+00	8.124397e-01
840	8.390097	-2.390461e-01	-3.585685e-01	8.782676e-01	1.317400e+00	8.124383e-01
841	8.400097	-2.302157e-01	-3.453228e-01	8.876529e-01	1.331477e+00	8.124370e-01
842	8.410097	-2.212931e-01	-3.319390e-01	8.966830e-01	1.345023e+00	8.124357e-01
843	8.420097	-2.122820e-01	-3.184224e-01	9.053546e-01	1.358030e+00	8.124344e-01
844	8.430098	-2.031860e-01	-3.047784e-01	9.136639e-01	1.370494e+00	8.124332e-01
845	8.440098	-1.940087e-01	-2.910125e-01	9.216078e-01	1.382410e+00	8.124321e-01
846	8.450098	-1.847538e-01	-2.771302e-01	9.291831e-01	1.393773e+00	8.124309e-01
847	8.460098	-1.754251e-01	-2.631370e-01	9.363866e-01	1.404578e+00	8.124298e-01
848	8.470098	-1.660261e-01	-2.490386e-01	9.432157e-01	1.414822e+00	8.124288e-01
849	8.480099	-1.565607e-01	-2.348406e-01	9.496674e-01	1.424499e+00	8.124278e-01
850	8.490099	-1.470328e-01	-2.205487e-01	9.557393e-01	1.433607e+00	8.124269e-01
851	8.500099	-1.374460e-01	-2.061685e-01	9.614288e-01	1.442141e+00	8.124260e-01
852	8.510099	-1.278042e-01	-1.917058e-01	9.667338e-01	1.450099e+00	8.124251e-01
853	8.520100	-1.181113e-01	-1.771665e-01	9.716522e-01	1.457476e+00	8.124244e-01
854	8.530100	-1.083711e-01	-1.625563e-01	9.761818e-01	1.464271e+00	8.124236e-01
855	8.540100	-9.858764e-02	-1.478811e-01	9.803210e-01	1.470479e+00	8.124231e-01
856	8.550100	-8.876471e-02	-1.331467e-01	9.840680e-01	1.476100e+00	8.124225e-01
857	8.560101	-7.890628e-02	-1.183591e-01	9.874215e-01	1.481130e+00	8.124219e-01
858	8.570101	-6.901629e-02	-1.035241e-01	9.903799e-01	1.485568e+00	8.124216e-01
859	8.580101	-5.909868e-02	-8.864774e-02	9.929422e-01	1.489411e+00	8.124211e-01
860	8.590101	-4.915744e-02	-7.373589e-02	9.951074e-01	1.492659e+00	8.124207e-01
861	8.600101	-3.919654e-02	-5.879456e-02	9.968745e-01	1.495309e+00	8.124204e-01
862	8.610102	-2.921995e-02	-4.382971e-02	9.982428e-01	1.497362e+00	8.124201e-01
863	8.620102	-1.923168e-02	-2.884732e-02	9.992118e-01	1.498815e+00	8.124200e-01
864	8.630102	-9.235716e-03	-1.385340e-02	9.997812e-01	1.499669e+00	8.124200e-01
865	8.640102	7.639425e-04	1.146067e-03	9.999506e-01	1.499924e+00	8.124200e-01
866	8.650103	1.076330e-02	1.614507e-02	9.997201e-01	1.499578e+00	8.124200e-01
867	8.660103	2.075835e-02	3.113762e-02	9.990897e-01	1.498632e+00	8.124200e-01
868	8.670103	3.074509e-02	4.611772e-02	9.980596e-01	1.497087e+00	8.124202e-01
869	8.680103	4.071954e-02	6.107936e-02	9.966303e-01	1.494943e+00	8.124204e-01
870	8.690104	5.067769e-02	7.601658e-02	9.948023e-01	1.492201e+00	8.124207e-01
871	8.700104	6.061558e-02	9.092338e-02	9.925764e-01	1.488862e+00	8.124210e-01
872	8.710104	7.052922e-02	1.057938e-01	9.899535e-01	1.484928e+00	8.124214e-01
873	8.720104	8.041465e-02	1.206219e-01	9.869347e-01	1.480400e+00	8.124219e-01
874	8.730104	9.026792e-02	1.354018e-01	9.835210e-01	1.475279e+00	8.124224e-01
875	8.740105	1.000851e-01	1.501275e-01	9.797139e-01	1.469568e+00	8.124230e-01
876	8.750105	1.098622e-01	1.647932e-01	9.755149e-01	1.463270e+00	8.124236e-01
877	8.760105	1.195954e-01	1.793929e-01	9.709258e-01	1.456386e+00	8.124244e-01
878	8.770105	1.292807e-01	1.939209e-01	9.659483e-01	1.448920e+00	8.124252e-01
879	8.780106	1.389143e-01	2.083713e-01	9.605844e-01	1.440874e+00	8.124260e-01
880	8.790106	1.484924e-01	2.227384e-01	9.548362e-01	1.432252e+00	8.124269e-01
881	8.800106	1.580111e-01	2.370164e-01	9.487062e-01	1.423057e+00	8.124279e-01
882	8.810106	1.674665e-01	2.511995e-01	9.421966e-01	1.413293e+00	8.124289e-01
883	8.820107	1.768550e-01	2.652822e-01	9.353102e-01	1.402963e+00	8.124300e-01
884	8.830107	1.861727e-01	2.792588e-01	9.280496e-01	1.392072e+00	8.124311e-01
885	8.840107	1.954160e-01	2.931237e-01	9.204178e-01	1.380625e+00	8.124322e-01
886	8.850107	2.045811e-01	3.068713e-01	9.124179e-01	1.368625e+00	8.124334e-01
887	8.860107	2.136644e-01	3.204962e-01	9.040530e-01	1.356077e+00	8.124346e-01
888	8.870108	2.226622e-01	3.339929e-01	8.953264e-01	1.342988e+00	8.124359e-01
889	8.880108	2.315709e-01	3.473559e-01	8.862418e-01	1.329361e+00	8.124373e-01
890	8.890108	2.403870e-01	3.605801e-01	8.768026e-01	1.315202e+00	8.124386e-01
891	8.900108	2.491069e-01	3.736600e-01	8.670127e-01	1.300517e+00	8.124400e-01
892	8.910109	2.577272e-01	3.865904e-01	8.568761e-01	1.285312e+00	8.124415e-01
893	8.920109	2.662444e-01	3.993662e-01	8.463966e-01	1.269593e+00	8.124428e-01
894	8.930109	2.746552e-01	4.119823e-01	8.355786e-01	1.253366e+00	8.124443e-01
895	8.940109	2.829560e-01	4.244336e-01	8.244264e-01	1.236638e+00	8.124458e-01
896	8.950109	2.911437e-01	4.367150e-01	8.129444e-01	1.219415e+00	8.124473e-01
897	8.960110	2.992149e-01	4.488218e-01	8.011373e-01	1.201704e+00	8.124489e-01
898	8.970110	3.071664e-01	4.607491e-01	7.890096e-01	1.183512e+00	8.124505e-01
899	8.980110	3.149951e-01	4.724921e-01	7.765664e-01	1.164848e+00	8.124520e-01
900	8.990110	3.226978e-01	4.840461e-01	7.638125e-01	1.145717e+00	8.124537e-01
901	9.000111	3.302713e-01	4.954064e-01	7.507532e-01	1.126128e+00	8.124552e-01
902	9.010111	3.377128e-01	5.065686e-01	7.373935e-01	1.106088e+00	8.124568e-01
903	9.020111	3.450192e-01	5.175282e-01	7.237388e-01	1.085606e+00	8.124584e-01
904	9.030111	3.521876e-01	5.282807e-01	7.097947e-01	1.064690e+00	8.124601e-01
905	9.040112	3.592151e-01	5.388220e-01	6.955667e-01	1.043348e+00	8.124617e-01
906	9.050112	3.660989e-01	5.491477e-01	6.810604e-01	1.021589e+00	8.124633e-01
907	9.060112	3.728363e-01	5.592538e-01	6.662816e-01	9.994206e-01	8.124650e-01
908	9.070112	3.794246e-01	5.691361e-01	6.512364e-01	9.768528e-01	8.124665e-01
909	9.080112	3.858610e-01	5.787908e-01	6.359307e-01	9.538943e-01	8.124682e-01
910	9.090113	3.921432e-01	5.882140e-01	6.203706e-01	9.305542e-01	8.124697e-01
911	9.100113	3.982684e-01	5.974019e-01	6.045624e-01	9.068419e-01	8.124713e-01
912	9.110113	4.042344e-01	6.063508e-01	5.885124e-01	8.827668e-01	8.124728e-01
913	9.120113	4.100387e-01	6.150572e-01	5.722269e-01	8.583387e-01	8.124744e-01
914	9.130114	4.156789e-01	6.235176e-01	5.557125e-01	8.335671e-01	8.124759e-01
915	9.140114	4.211529e-01	6.317286e-01	5.389759e-01	8.084622e-01	8.124774e-01
916	9.150114	4.264585e-01	6.396869e-01	5.220237e-01	7.830339e-01	8.124788e-01
917	9.160114	4.315934e-01	6.473893e-01	5.048627e-01	7.572924e-01	8.124803e-01
918	9.170115	4.365557e-01	6.548327e-01	4.874997e-01	7.312480e-01	8.124816e-01
919	9.180115	4.413434e-01	6.620142e-01	4.699417e-01	7.049110e-01	8.124831e-01
920	9.190115	4.459545e-01	6.689309e-01	4.521957e-01	6.782921e-01	8.124844e-01
921	9.200115	4.503873e-01	6.755801e-01	4.342689e-01	6.514019e-01	8.124856e-01
922	9.210115	4.546399e-01	6.819590e-01	4.161684e-01	6.242511e-01	8.124869e-01
923	9.220116	4.587107e-01	6.880651e-01	3.979014e-01	5.968506e-01	8.124881e-01
924	9.230116	4.625979e-01	6.938960e-01	3.794752e-01	5.692114e-01	8.124893e-01
925	9.240116	4.663002e-01	6.994493e-01	3.608972e-01	5.413445e-01	8.124903e-01
926	9.250116	4.698159e-01	7.047229e-01	3.421749e-01	5.132611e-01	8.124915e-01
927	9.260117	4.731437e-01	7.097145e-01	3.233157e-01	4.849723e-01	8.124924e-01
928	9.270117	4.762822e-01	7.144223e-01	3.043272e-01	4.564896e-01	8.124934e-01
929	9.280117	4.792302e-01	7.188443e-01	2.852169e-01	4.278243e-01	8.124943e-01
930	9.290117	4.819866e-01	7.229788e-01	2.659926e-01	3.989878e-01	8.124951e-01
931	9.300117	4.845501e-01	7.268240e-01	2.466618e-01	3.699917e-01	8.124959e-01
932	9.310118	4.869198e-01	7.303786e-01	2.272324e-01	3.408477e-01	8.124967e-01
933	9.320118	4.890947e-01	7.336410e-01	2.077121e-01	3.115673e-01	8.124973e-01
934	9.330118	4.910740e-01	7.366099e-01	1.881088e-01	2.821623e-01	8.124980e-01
935	9.340118	4.928569e-01	7.392842e-01	1.684301e-01	2.526444e-01	8.124986e-01
936	9.350119	4.944426e-01	7.416628e-01	1.486842e-01	2.230255e-01	8.124991e-01
937	9.360119	4.958306e-01	7.437447e-01	1.288787e-01	1.933173e-01	8.124995e-01
938	9.370119	4.970202e-01	7.455292e-01	1.090217e-01	1.635318e-01	8.124999e-01
939	9.380119	4.980110e-01	7.470154e-01	8.912106e-02	1.336809e-01	8.125002e-01
940	9.390120	4.988026e-01	7.482028e-01	6.918479e-02	1.037766e-01	8.125005e-01
941	9.400120	4.993947e-01	7.490909e-01	4.922084e-02	7.383070e-02	8.125007e-01
942	9.410120	4.997870e-01	7.496794e-01	2.923721e-02	4.385529e-02	8.125007e-01
943	9.420120	4.999794e-01	7.499680e-01	9.241881e-03	1.386235e-02	8.125008e-01
944	9.430120	4.999718e-01	7.499566e-01	-1.075714e-02	-1.613615e-02	8.125008e-01
945	9.440121	4.997643e-01	7.496452e-01	-3.075186e-02	-4.612818e-02	8.125007e-01
946	9.450121	4.993568e-01	7.490340e-01	-5.073429e-02	-7.610177e-02	8.125006e-01
947	9.460121	4.987496e-01	7.481232e-01	-7.069641e-02	-1.060449e-01	8.125004e-01
948	9.470121	4.979429e-01	7.469131e-01	-9.063026e-02	-1.359456e-01	8.125001e-01
949	9.480122	4.969370e-01	7.454043e-01	-1.105279e-01	-1.657920e-01	8.124998e-01
950	9.490122	4.957323e-01	7.435973e-01	-1.303812e-01	-1.955720e-01	8.124994e-01
951	9.500122	4.943294e-01	7.414929e-01	-1.501825e-01	-2.252738e-01	8.124989e-01
952	9.510122	4.927287e-01	7.390918e-01	-1.699236e-01	-2.548855e-01	8.124985e-01
953	9.520123	4.909309e-01	7.363951e-01	-1.895968e-01	-2.843952e-01	8.124978e-01
954	9.530123	4.889367e-01	7.334039e-01	-2.091942e-01	-3.137912e-01	8.124971e-01
955	9.540123	4.867470e-01	7.301193e-01	-2.287078e-01	-3.430617e-01	8.124965e-01
956	9.550123	4.843626e-01	7.265427e-01	-2.481300e-01	-3.721949e-01	8.124957e-01
957	9.560123	4.817844e-01	7.226754e-01	-2.674530e-01	-4.011793e-01	8.124949e-01
958	9.570124	4.790135e-01	7.185190e-01	-2.866690e-01	-4.300032e-01	8.124940e-01
959	9.580124	4.760510e-01	7.140753e-01	-3.057702e-01	-4.586551e-01	8.124930e-01
960	9.590124	4.728981e-01	7.093459e-01	-3.247492e-01	-4.871235e-01	8.124920e-01
961	9.600124	4.695560e-01	7.043328e-01	-3.435983e-01	-5.153971e-01	8.124910e-01
962	9.610125	4.660261e-01	6.990379e-01	-3.623100e-01	-5.434645e-01	8.124899e-01
963	9.620125	4.623098e-01	6.934634e-01	-3.808767e-01	-5.713145e-01	8.124887e-01
964	9.630125	4.584086e-01	6.876116e-01	-3.992911e-01	-5.989360e-01	8.124875e-01
965	9.640125	4.543240e-01	6.814847e-01	-4.175457e-01	-6.263179e-01	8.124863e-01
966	9.650126	4.500577e-01	6.750852e-01	-4.356333e-01	-6.534493e-01	8.124851e-01
967	9.660126	4.456113e-01	6.684157e-01	-4.535467e-01	-6.803193e-01	8.124838e-01
968	9.670126	4.409868e-01	6.614789e-01	-4.712787e-01	-7.069172e-01	8.124825e-01
969	9.680126	4.361858e-01	6.542774e-01	-4.888221e-01	-7.332324e-01	8.124811e-01
970	9.690126	4.312103e-01	6.468142e-01	-5.061700e-01	-7.592542e-01	8.124797e-01
971	9.700127	4.260624e-01	6.390923e-01	-5.233155e-01	-7.849724e-01	8.124783e-01
972	9.710127	4.207440e-01	6.311148e-01	-5.402516e-01	-8.103765e-01	8.124769e-01
973	9.720127	4.152573e-01	6.228848e-01	-5.569717e-01	-8.354565e-01	8.124754e-01
974	9.730127	4.096046e-01	6.144057e-01	-5.734689e-01	-8.602023e-01	8.124739e-01
975	9.740128	4.037880e-01	6.056808e-01	-5.897368e-01	-8.846040e-01	8.124723e-01
976	9.750128	3.978098e-01	5.967136e-01	-6.057687e-01	-9.086519e-01	8.124708e-01
977	9.760128	3.916726e-01	5.875077e-01	-6.215584e-01	-9.323364e-01	8.124692e-01
978	9.770128	3.853787e-01	5.780669e-01	-6.370994e-01	-9.556479e-01	8.124677e-01
979	9.780128	3.789306e-01	5.683948e-01	-6.523856e-01	-9.785771e-01	8.124660e-01
980	9.790129	3.723310e-01	5.584953e-01	-6.674109e-01	-1.001115e+00	8.124645e-01
981	9.800129	3.655824e-01	5.483725e-01	-6.821691e-01	-1.023252e+00	8.124629e-01
982	9.810129	3.586876e-01	5.380303e-01	-6.966546e-01	-1.044980e+00	8.124613e-01
983	9.820129	3.516493e-01	5.274729e-01	-7.108613e-01	-1.066290e+00	8.124597e-01
984	9.830130	3.444704e-01	5.167045e-01	-7.247837e-01	-1.087174e+00	8.124581e-01
985	9.840130	3.371536e-01	5.057294e-01	-7.384162e-01	-1.107623e+00	8.124565e-01
986	9.850130	3.297020e-01	4.945521e-01	-7.517533e-01	-1.127628e+00	8.124549e-01
987	9.860130	3.221186e-01	4.831769e-01	-7.647898e-01	-1.147183e+00	8.124533e-01
988	9.870131	3.144062e-01	4.716084e-01	-7.775202e-01	-1.166279e+00	8.124517e-01
989	9.880131	3.065681e-01	4.598513e-01	-7.899397e-01	-1.184908e+00	8.124501e-01
990	9.890131	2.986074e-01	4.479103e-01	-8.020432e-01	-1.203063e+00	8.124485e-01
991	9.900131	2.905273e-01	4.357901e-01	-8.138259e-01	-1.220737e+00	8.124470e-01
992	9.910131	2.823309e-01	4.234955e-01	-8.252831e-01	-1.237923e+00	8.124454e-01
993	9.920132	2.740216e-01	4.110316e-01	-8.364101e-01	-1.254613e+00	8.124439e-01
994	9.930132	2.656027e-01	3.984033e-01	-8.472026e-01	-1.270802e+00	8.124424e-01
995	9.940132	2.570776e-01	3.856156e-01	-8.576562e-01	-1.286482e+00	8.124410e-01
996	9.950132	2.484496e-01	3.726736e-01	-8.677667e-01	-1.301648e+00	8.124396e-01
997	9.960133	2.397222e-01	3.595826e-01	-8.775302e-01	-1.316293e+00	8.124381e-01
998	9.970133	2.308990e-01	3.463477e-01	-8.869426e-01	-1.330412e+00	8.124367e-01
999	9.980133	2.219834e-01	3.329743e-01	-8.960002e-01	-1.343998e+00	8.124354e-01
1000	9.990133	2.129790e-01	3.194678e-01	-9.046994e-01	-1.357047e+00	8.124342e-01
1001	10.000134	2.038894e-01	3.058334e-01	-9.130368e-01	-1.369553e+00	8.124330e-01
