#	t		x		y		z		vx		vy		vz		Ec
1	0.000000	0.000000e+00	0.000000e+00	0.000000e+00	5.000000e+00	0.000000e+00	4.000000e+00	1.025000e+02
2	0.001000	5.000000e-03	0.000000e+00	3.995095e-03	5.000000e+00	0.000000e+00	3.990190e+00	1.025000e+02
3	0.002000	1.000000e-02	0.000000e+00	7.980380e-03	5.000000e+00	0.000000e+00	3.980380e+00	1.025000e+02
4	0.003000	1.500000e-02	0.000000e+00	1.195586e-02	5.000000e+00	0.000000e+00	3.970570e+00	1.025000e+02
5	0.004000	2.000000e-02	0.000000e+00	1.592152e-02	5.000000e+00	0.000000e+00	3.960760e+00	1.025000e+02
6	0.005000	2.500000e-02	0.000000e+00	1.987738e-02	5.000000e+00	0.000000e+00	3.950950e+00	1.025000e+02
7	0.006000	3.000000e-02	0.000000e+00	2.382342e-02	5.000000e+00	0.000000e+00	3.941140e+00	1.025000e+02
8	0.007000	3.500000e-02	0.000000e+00	2.775966e-02	5.000000e+00	0.000000e+00	3.931330e+00	1.025000e+02
9	0.008000	4.000000e-02	0.000000e+00	3.168608e-02	5.000000e+00	0.000000e+00	3.921520e+00	1.025000e+02
10	0.009000	4.500000e-02	0.000000e+00	3.560270e-02	5.000000e+00	0.000000e+00	3.911710e+00	1.025000e+02
11	0.010000	5.000000e-02	0.000000e+00	3.950950e-02	5.000000e+00	0.000000e+00	3.901900e+00	1.025000e+02
12	0.011000	5.500000e-02	0.000000e+00	4.340650e-02	5.000000e+00	0.000000e+00	3.892090e+00	1.025000e+02
13	0.012000	6.000000e-02	0.000000e+00	4.729368e-02	5.000000e+00	0.000000e+00	3.882280e+00	1.025000e+02
14	0.013000	6.500000e-02	0.000000e+00	5.117106e-02	5.000000e+00	0.000000e+00	3.872470e+00	1.025000e+02
15	0.014000	7.000000e-02	0.000000e+00	5.503862e-02	5.000000e+00	0.000000e+00	3.862660e+00	1.025000e+02
16	0.015000	7.500000e-02	0.000000e+00	5.889638e-02	5.000000e+00	0.000000e+00	3.852850e+00	1.025000e+02
17	0.016000	8.000001e-02	0.000000e+00	6.274432e-02	5.000000e+00	0.000000e+00	3.843040e+00	1.025000e+02
18	0.017000	8.500001e-02	0.000000e+00	6.658246e-02	5.000000e+00	0.000000e+00	3.833230e+00	1.025000e+02
19	0.018000	9.000001e-02	0.000000e+00	7.041078e-02	5.000000e+00	0.000000e+00	3.823421e+00	1.025000e+02
20	0.019000	9.500001e-02	0.000000e+00	7.422930e-02	5.000000e+00	0.000000e+00	3.813611e+00	1.025000e+02
21	0.020000	1.000000e-01	0.000000e+00	7.803801e-02	5.000000e+00	0.000000e+00	3.803801e+00	1.025000e+02
22	0.021000	1.050000e-01	0.000000e+00	8.183690e-02	5.000000e+00	0.000000e+00	3.793991e+00	1.025000e+02
23	0.022000	1.100000e-01	0.000000e+00	8.562598e-02	5.000000e+00	0.000000e+00	3.784181e+00	1.025000e+02
24	0.023000	1.150000e-01	0.000000e+00	8.940526e-02	5.000000e+00	0.000000e+00	3.774371e+00	1.025000e+02
25	0.024000	1.200000e-01	0.000000e+00	9.317473e-02	5.000000e+00	0.000000e+00	3.764561e+00	1.025000e+02
26	0.025000	1.250000e-01	0.000000e+00	9.693438e-02	5.000000e+00	0.000000e+00	3.754751e+00	1.025000e+02
27	0.026000	1.300000e-01	0.000000e+00	1.006842e-01	5.000000e+00	0.000000e+00	3.744941e+00	1.025000e+02
28	0.027000	1.350000e-01	0.000000e+00	1.044243e-01	5.000000e+00	0.000000e+00	3.735131e+00	1.025000e+02
29	0.028000	1.400000e-01	0.000000e+00	1.081545e-01	5.000000e+00	0.000000e+00	3.725321e+00	1.025000e+02
30	0.029000	1.450000e-01	0.000000e+00	1.118749e-01	5.000000e+00	0.000000e+00	3.715511e+00	1.025000e+02
31	0.030000	1.500000e-01	0.000000e+00	1.155855e-01	5.000000e+00	0.000000e+00	3.705701e+00	1.025000e+02
32	0.031000	1.550000e-01	0.000000e+00	1.192863e-01	5.000000e+00	0.000000e+00	3.695891e+00	1.025000e+02
33	0.032000	1.600000e-01	0.000000e+00	1.229773e-01	5.000000e+00	0.000000e+00	3.686081e+00	1.025000e+02
34	0.033000	1.650000e-01	0.000000e+00	1.266585e-01	5.000000e+00	0.000000e+00	3.676271e+00	1.025000e+02
35	0.034000	1.700000e-01	0.000000e+00	1.303298e-01	5.000000e+00	0.000000e+00	3.666461e+00	1.025000e+02
36	0.035000	1.750000e-01	0.000000e+00	1.339914e-01	5.000000e+00	0.000000e+00	3.656651e+00	1.025000e+02
37	0.036000	1.800000e-01	0.000000e+00	1.376431e-01	5.000000e+00	0.000000e+00	3.646841e+00	1.025000e+02
38	0.037000	1.850000e-01	0.000000e+00	1.412851e-01	5.000000e+00	0.000000e+00	3.637031e+00	1.025000e+02
39	0.038000	1.900000e-01	0.000000e+00	1.449172e-01	5.000000e+00	0.000000e+00	3.627221e+00	1.025000e+02
40	0.039000	1.950000e-01	0.000000e+00	1.485395e-01	5.000000e+00	0.000000e+00	3.617411e+00	1.025000e+02
41	0.040000	2.000000e-01	0.000000e+00	1.521520e-01	5.000000e+00	0.000000e+00	3.607601e+00	1.025000e+02
42	0.041000	2.050000e-01	0.000000e+00	1.557547e-01	5.000000e+00	0.000000e+00	3.597791e+00	1.025000e+02
43	0.042000	2.099999e-01	0.000000e+00	1.593476e-01	5.000000e+00	0.000000e+00	3.587981e+00	1.025000e+02
44	0.043000	2.149999e-01	0.000000e+00	1.629307e-01	5.000000e+00	0.000000e+00	3.578171e+00	1.025000e+02
45	0.044000	2.199999e-01	0.000000e+00	1.665040e-01	5.000000e+00	0.000000e+00	3.568361e+00	1.025000e+02
46	0.045000	2.249999e-01	0.000000e+00	1.700674e-01	5.000000e+00	0.000000e+00	3.558551e+00	1.025000e+02
47	0.046000	2.299999e-01	0.000000e+00	1.736211e-01	5.000000e+00	0.000000e+00	3.548741e+00	1.025000e+02
48	0.047000	2.349999e-01	0.000000e+00	1.771649e-01	5.000000e+00	0.000000e+00	3.538931e+00	1.025000e+02
49	0.048000	2.399999e-01	0.000000e+00	1.806989e-01	5.000000e+00	0.000000e+00	3.529121e+00	1.025000e+02
50	0.049000	2.449999e-01	0.000000e+00	1.842231e-01	5.000000e+00	0.000000e+00	3.519311e+00	1.025000e+02
51	0.050000	2.499999e-01	0.000000e+00	1.877376e-01	5.000000e+00	0.000000e+00	3.509501e+00	1.025000e+02
52	0.051000	2.549999e-01	0.000000e+00	1.912422e-01	5.000000e+00	0.000000e+00	3.499691e+00	1.025000e+02
53	0.052000	2.599999e-01	0.000000e+00	1.947369e-01	5.000000e+00	0.000000e+00	3.489882e+00	1.025000e+02
54	0.053000	2.649999e-01	0.000000e+00	1.982219e-01	5.000000e+00	0.000000e+00	3.480072e+00	1.025000e+02
55	0.054000	2.699999e-01	0.000000e+00	2.016971e-01	5.000000e+00	0.000000e+00	3.470262e+00	1.025000e+02
56	0.055000	2.749999e-01	0.000000e+00	2.051624e-01	5.000000e+00	0.000000e+00	3.460452e+00	1.025000e+02
57	0.056000	2.799999e-01	0.000000e+00	2.086180e-01	5.000000e+00	0.000000e+00	3.450642e+00	1.025000e+02
58	0.057000	2.849999e-01	0.000000e+00	2.120637e-01	5.000000e+00	0.000000e+00	3.440832e+00	1.025000e+02
59	0.058000	2.899999e-01	0.000000e+00	2.154996e-01	5.000000e+00	0.000000e+00	3.431022e+00	1.025000e+02
60	0.059000	2.949999e-01	0.000000e+00	2.189258e-01	5.000000e+00	0.000000e+00	3.421212e+00	1.025000e+02
61	0.060000	2.999999e-01	0.000000e+00	2.223421e-01	5.000000e+00	0.000000e+00	3.411402e+00	1.025000e+02
62	0.061000	3.049999e-01	0.000000e+00	2.257486e-01	5.000000e+00	0.000000e+00	3.401592e+00	1.025000e+02
63	0.062000	3.099999e-01	0.000000e+00	2.291452e-01	5.000000e+00	0.000000e+00	3.391782e+00	1.025000e+02
64	0.063000	3.149998e-01	0.000000e+00	2.325321e-01	5.000000e+00	0.000000e+00	3.381972e+00	1.025000e+02
65	0.064000	3.199998e-01	0.000000e+00	2.359092e-01	5.000000e+00	0.000000e+00	3.372162e+00	1.025000e+02
66	0.065000	3.249998e-01	0.000000e+00	2.392764e-01	5.000000e+00	0.000000e+00	3.362352e+00	1.025000e+02
67	0.066000	3.299998e-01	0.000000e+00	2.426339e-01	5.000000e+00	0.000000e+00	3.352542e+00	1.025000e+02
68	0.067000	3.349998e-01	0.000000e+00	2.459815e-01	5.000000e+00	0.000000e+00	3.342732e+00	1.025000e+02
69	0.068000	3.399998e-01	0.000000e+00	2.493193e-01	5.000000e+00	0.000000e+00	3.332922e+00	1.025000e+02
70	0.069000	3.449998e-01	0.000000e+00	2.526474e-01	5.000000e+00	0.000000e+00	3.323112e+00	1.025000e+02
71	0.070000	3.499998e-01	0.000000e+00	2.559656e-01	5.000000e+00	0.000000e+00	3.313302e+00	1.025000e+02
72	0.071000	3.549998e-01	0.000000e+00	2.592740e-01	5.000000e+00	0.000000e+00	3.303492e+00	1.025000e+02
73	0.072000	3.599998e-01	0.000000e+00	2.625726e-01	5.000000e+00	0.000000e+00	3.293682e+00	1.025000e+02
74	0.073000	3.649998e-01	0.000000e+00	2.658613e-01	5.000000e+00	0.000000e+00	3.283872e+00	1.025000e+02
75	0.074000	3.699998e-01	0.000000e+00	2.691403e-01	5.000000e+00	0.000000e+00	3.274062e+00	1.025000e+02
76	0.075000	3.749998e-01	0.000000e+00	2.724095e-01	5.000000e+00	0.000000e+00	3.264252e+00	1.025000e+02
77	0.076000	3.799998e-01	0.000000e+00	2.756688e-01	5.000000e+00	0.000000e+00	3.254442e+00	1.025000e+02
78	0.077000	3.849998e-01	0.000000e+00	2.789184e-01	5.000000e+00	0.000000e+00	3.244632e+00	1.025000e+02
79	0.078000	3.899998e-01	0.000000e+00	2.821581e-01	5.000000e+00	0.000000e+00	3.234822e+00	1.025000e+02
80	0.079000	3.949998e-01	0.000000e+00	2.853880e-01	5.000000e+00	0.000000e+00	3.225012e+00	1.025000e+02
81	0.080000	3.999998e-01	0.000000e+00	2.886081e-01	5.000000e+00	0.000000e+00	3.215202e+00	1.025000e+02
82	0.081000	4.049998e-01	0.000000e+00	2.918184e-01	5.000000e+00	0.000000e+00	3.205392e+00	1.025000e+02
83	0.082000	4.099998e-01	0.000000e+00	2.950189e-01	5.000000e+00	0.000000e+00	3.195582e+00	1.025000e+02
84	0.083000	4.149998e-01	0.000000e+00	2.982096e-01	5.000000e+00	0.000000e+00	3.185772e+00	1.025000e+02
85	0.084000	4.199997e-01	0.000000e+00	3.013904e-01	5.000000e+00	0.000000e+00	3.175962e+00	1.025000e+02
86	0.085000	4.249997e-01	0.000000e+00	3.045615e-01	5.000000e+00	0.000000e+00	3.166152e+00	1.025000e+02
87	0.086000	4.299997e-01	0.000000e+00	3.077227e-01	5.000000e+00	0.000000e+00	3.156343e+00	1.025000e+02
88	0.087000	4.349997e-01	0.000000e+00	3.108742e-01	5.000000e+00	0.000000e+00	3.146533e+00	1.025000e+02
89	0.088000	4.399997e-01	0.000000e+00	3.140158e-01	5.000000e+00	0.000000e+00	3.136723e+00	1.025000e+02
90	0.089000	4.449997e-01	0.000000e+00	3.171476e-01	5.000000e+00	0.000000e+00	3.126913e+00	1.025000e+02
91	0.090000	4.499997e-01	0.000000e+00	3.202696e-01	5.000000e+00	0.000000e+00	3.117103e+00	1.025000e+02
92	0.091000	4.549997e-01	0.000000e+00	3.233818e-01	5.000000e+00	0.000000e+00	3.107293e+00	1.025000e+02
93	0.092000	4.599997e-01	0.000000e+00	3.264842e-01	5.000000e+00	0.000000e+00	3.097483e+00	1.025000e+02
94	0.093000	4.649997e-01	0.000000e+00	3.295768e-01	5.000000e+00	0.000000e+00	3.087673e+00	1.025000e+02
95	0.094000	4.699997e-01	0.000000e+00	3.326596e-01	5.000000e+00	0.000000e+00	3.077863e+00	1.025001e+02
96	0.095000	4.749997e-01	0.000000e+00	3.357325e-01	5.000000e+00	0.000000e+00	3.068053e+00	1.025001e+02
97	0.096000	4.799997e-01	0.000000e+00	3.387957e-01	5.000000e+00	0.000000e+00	3.058243e+00	1.025000e+02
98	0.097000	4.849997e-01	0.000000e+00	3.418490e-01	5.000000e+00	0.000000e+00	3.048433e+00	1.025000e+02
99	0.098000	4.899997e-01	0.000000e+00	3.448926e-01	5.000000e+00	0.000000e+00	3.038623e+00	1.025001e+02
100	0.099000	4.949997e-01	0.000000e+00	3.479263e-01	5.000000e+00	0.000000e+00	3.028813e+00	1.025000e+02
101	0.100000	4.999997e-01	0.000000e+00	3.509502e-01	5.000000e+00	0.000000e+00	3.019003e+00	1.025001e+02
102	0.101000	5.049997e-01	0.000000e+00	3.539643e-01	5.000000e+00	0.000000e+00	3.009193e+00	1.025001e+02
103	0.102000	5.099997e-01	0.000000e+00	3.569686e-01	5.000000e+00	0.000000e+00	2.999383e+00	1.025001e+02
104	0.103000	5.149997e-01	0.000000e+00	3.599631e-01	5.000000e+00	0.000000e+00	2.989573e+00	1.025001e+02
105	0.104000	5.199997e-01	0.000000e+00	3.629477e-01	5.000000e+00	0.000000e+00	2.979763e+00	1.025000e+02
106	0.105000	5.249997e-01	0.000000e+00	3.659226e-01	5.000000e+00	0.000000e+00	2.969953e+00	1.025001e+02
107	0.106000	5.299997e-01	0.000000e+00	3.688877e-01	5.000000e+00	0.000000e+00	2.960143e+00	1.025001e+02
108	0.107000	5.349997e-01	0.000000e+00	3.718429e-01	5.000000e+00	0.000000e+00	2.950333e+00	1.025001e+02
109	0.108000	5.399997e-01	0.000000e+00	3.747883e-01	5.000000e+00	0.000000e+00	2.940523e+00	1.025001e+02
110	0.109000	5.449997e-01	0.000000e+00	3.777239e-01	5.000000e+00	0.000000e+00	2.930713e+00	1.025001e+02
111	0.110000	5.499997e-01	0.000000e+00	3.806497e-01	5.000000e+00	0.000000e+00	2.920903e+00	1.025001e+02
112	0.111000	5.549996e-01	0.000000e+00	3.835658e-01	5.000000e+00	0.000000e+00	2.911093e+00	1.025001e+02
113	0.112000	5.599996e-01	0.000000e+00	3.864719e-01	5.000000e+00	0.000000e+00	2.901283e+00	1.025001e+02
114	0.113000	5.649996e-01	0.000000e+00	3.893683e-01	5.000000e+00	0.000000e+00	2.891473e+00	1.025001e+02
115	0.114000	5.699996e-01	0.000000e+00	3.922549e-01	5.000000e+00	0.000000e+00	2.881663e+00	1.025001e+02
116	0.115000	5.749996e-01	0.000000e+00	3.951316e-01	5.000000e+00	0.000000e+00	2.871853e+00	1.025001e+02
117	0.116000	5.799996e-01	0.000000e+00	3.979986e-01	5.000000e+00	0.000000e+00	2.862043e+00	1.025001e+02
118	0.117000	5.849996e-01	0.000000e+00	4.008557e-01	5.000000e+00	0.000000e+00	2.852233e+00	1.025001e+02
119	0.118000	5.899996e-01	0.000000e+00	4.037030e-01	5.000000e+00	0.000000e+00	2.842423e+00	1.025001e+02
120	0.119000	5.949996e-01	0.000000e+00	4.065405e-01	5.000000e+00	0.000000e+00	2.832613e+00	1.025001e+02
121	0.120000	5.999996e-01	0.000000e+00	4.093682e-01	5.000000e+00	0.000000e+00	2.822803e+00	1.025001e+02
122	0.121000	6.049996e-01	0.000000e+00	4.121861e-01	5.000000e+00	0.000000e+00	2.812994e+00	1.025001e+02
123	0.122000	6.099996e-01	0.000000e+00	4.149942e-01	5.000000e+00	0.000000e+00	2.803184e+00	1.025001e+02
124	0.123000	6.149996e-01	0.000000e+00	4.177925e-01	5.000000e+00	0.000000e+00	2.793374e+00	1.025001e+02
125	0.124000	6.199996e-01	0.000000e+00	4.205810e-01	5.000000e+00	0.000000e+00	2.783564e+00	1.025001e+02
126	0.125000	6.249996e-01	0.000000e+00	4.233596e-01	5.000000e+00	0.000000e+00	2.773754e+00	1.025001e+02
127	0.126000	6.299996e-01	0.000000e+00	4.261285e-01	5.000000e+00	0.000000e+00	2.763944e+00	1.025001e+02
128	0.127000	6.349996e-01	0.000000e+00	4.288875e-01	5.000000e+00	0.000000e+00	2.754134e+00	1.025001e+02
129	0.128000	6.399996e-01	0.000000e+00	4.316368e-01	5.000000e+00	0.000000e+00	2.744324e+00	1.025001e+02
130	0.129000	6.449996e-01	0.000000e+00	4.343762e-01	5.000000e+00	0.000000e+00	2.734514e+00	1.025001e+02
131	0.130000	6.499996e-01	0.000000e+00	4.371058e-01	5.000000e+00	0.000000e+00	2.724704e+00	1.025001e+02
132	0.131000	6.549996e-01	0.000000e+00	4.398256e-01	5.000000e+00	0.000000e+00	2.714894e+00	1.025001e+02
133	0.132000	6.599995e-01	0.000000e+00	4.425355e-01	5.000000e+00	0.000000e+00	2.705084e+00	1.025001e+02
134	0.133000	6.649995e-01	0.000000e+00	4.452357e-01	5.000000e+00	0.000000e+00	2.695274e+00	1.025001e+02
135	0.134000	6.699995e-01	0.000000e+00	4.479261e-01	5.000000e+00	0.000000e+00	2.685464e+00	1.025001e+02
136	0.135000	6.749995e-01	0.000000e+00	4.506067e-01	5.000000e+00	0.000000e+00	2.675654e+00	1.025001e+02
137	0.136000	6.799995e-01	0.000000e+00	4.532774e-01	5.000000e+00	0.000000e+00	2.665844e+00	1.025001e+02
138	0.137000	6.849995e-01	0.000000e+00	4.559383e-01	5.000000e+00	0.000000e+00	2.656034e+00	1.025001e+02
139	0.138000	6.899995e-01	0.000000e+00	4.585895e-01	5.000000e+00	0.000000e+00	2.646224e+00	1.025001e+02
140	0.139000	6.949995e-01	0.000000e+00	4.612308e-01	5.000000e+00	0.000000e+00	2.636414e+00	1.025001e+02
141	0.140000	6.999995e-01	0.000000e+00	4.638623e-01	5.000000e+00	0.000000e+00	2.626604e+00	1.025001e+02
142	0.141000	7.049995e-01	0.000000e+00	4.664840e-01	5.000000e+00	0.000000e+00	2.616794e+00	1.025001e+02
143	0.142000	7.099995e-01	0.000000e+00	4.690959e-01	5.000000e+00	0.000000e+00	2.606984e+00	1.025001e+02
144	0.143000	7.149995e-01	0.000000e+00	4.716980e-01	5.000000e+00	0.000000e+00	2.597174e+00	1.025001e+02
145	0.144000	7.199995e-01	0.000000e+00	4.742902e-01	5.000000e+00	0.000000e+00	2.587364e+00	1.025001e+02
146	0.145000	7.249995e-01	0.000000e+00	4.768727e-01	5.000000e+00	0.000000e+00	2.577554e+00	1.025001e+02
147	0.146000	7.299995e-01	0.000000e+00	4.794453e-01	5.000000e+00	0.000000e+00	2.567744e+00	1.025001e+02
148	0.147000	7.349995e-01	0.000000e+00	4.820082e-01	5.000000e+00	0.000000e+00	2.557934e+00	1.025001e+02
149	0.148000	7.399995e-01	0.000000e+00	4.845612e-01	5.000000e+00	0.000000e+00	2.548124e+00	1.025001e+02
150	0.149000	7.449995e-01	0.000000e+00	4.871044e-01	5.000000e+00	0.000000e+00	2.538314e+00	1.025001e+02
151	0.150000	7.499995e-01	0.000000e+00	4.896378e-01	5.000000e+00	0.000000e+00	2.528504e+00	1.025001e+02
152	0.151000	7.549995e-01	0.000000e+00	4.921614e-01	5.000000e+00	0.000000e+00	2.518694e+00	1.025001e+02
153	0.152000	7.599995e-01	0.000000e+00	4.946752e-01	5.000000e+00	0.000000e+00	2.508884e+00	1.025001e+02
154	0.153000	7.649994e-01	0.000000e+00	4.971792e-01	5.000000e+00	0.000000e+00	2.499074e+00	1.025001e+02
155	0.154000	7.699994e-01	0.000000e+00	4.996734e-01	5.000000e+00	0.000000e+00	2.489264e+00	1.025001e+02
156	0.155000	7.749994e-01	0.000000e+00	5.021577e-01	5.000000e+00	0.000000e+00	2.479455e+00	1.025001e+02
157	0.156000	7.799994e-01	0.000000e+00	5.046323e-01	5.000000e+00	0.000000e+00	2.469645e+00	1.025001e+02
158	0.157000	7.849994e-01	0.000000e+00	5.070970e-01	5.000000e+00	0.000000e+00	2.459835e+00	1.025001e+02
159	0.158000	7.899994e-01	0.000000e+00	5.095519e-01	5.000000e+00	0.000000e+00	2.450025e+00	1.025001e+02
160	0.159000	7.949994e-01	0.000000e+00	5.119970e-01	5.000000e+00	0.000000e+00	2.440215e+00	1.025001e+02
161	0.160000	7.999994e-01	0.000000e+00	5.144324e-01	5.000000e+00	0.000000e+00	2.430405e+00	1.025001e+02
162	0.161000	8.049994e-01	0.000000e+00	5.168579e-01	5.000000e+00	0.000000e+00	2.420595e+00	1.025001e+02
163	0.162000	8.099994e-01	0.000000e+00	5.192736e-01	5.000000e+00	0.000000e+00	2.410785e+00	1.025001e+02
164	0.163000	8.149994e-01	0.000000e+00	5.216795e-01	5.000000e+00	0.000000e+00	2.400975e+00	1.025001e+02
165	0.164000	8.199994e-01	0.000000e+00	5.240755e-01	5.000000e+00	0.000000e+00	2.391165e+00	1.025001e+02
166	0.165000	8.249994e-01	0.000000e+00	5.264618e-01	5.000000e+00	0.000000e+00	2.381355e+00	1.025001e+02
167	0.166000	8.299994e-01	0.000000e+00	5.288382e-01	5.000000e+00	0.000000e+00	2.371545e+00	1.025001e+02
168	0.167000	8.349994e-01	0.000000e+00	5.312049e-01	5.000000e+00	0.000000e+00	2.361735e+00	1.025001e+02
169	0.168000	8.399994e-01	0.000000e+00	5.335617e-01	5.000000e+00	0.000000e+00	2.351925e+00	1.025001e+02
170	0.169000	8.449994e-01	0.000000e+00	5.359087e-01	5.000000e+00	0.000000e+00	2.342115e+00	1.025001e+02
171	0.170000	8.499994e-01	0.000000e+00	5.382459e-01	5.000000e+00	0.000000e+00	2.332305e+00	1.025001e+02
172	0.171000	8.549994e-01	0.000000e+00	5.405733e-01	5.000000e+00	0.000000e+00	2.322495e+00	1.025001e+02
173	0.172000	8.599994e-01	0.000000e+00	5.428909e-01	5.000000e+00	0.000000e+00	2.312685e+00	1.025001e+02
174	0.173000	8.649994e-01	0.000000e+00	5.451987e-01	5.000000e+00	0.000000e+00	2.302875e+00	1.025001e+02
175	0.174000	8.699993e-01	0.000000e+00	5.474967e-01	5.000000e+00	0.000000e+00	2.293065e+00	1.025001e+02
176	0.175000	8.749993e-01	0.000000e+00	5.497848e-01	5.000000e+00	0.000000e+00	2.283255e+00	1.025001e+02
177	0.176000	8.799993e-01	0.000000e+00	5.520632e-01	5.000000e+00	0.000000e+00	2.273445e+00	1.025001e+02
178	0.177000	8.849993e-01	0.000000e+00	5.543317e-01	5.000000e+00	0.000000e+00	2.263635e+00	1.025001e+02
179	0.178000	8.899993e-01	0.000000e+00	5.565904e-01	5.000000e+00	0.000000e+00	2.253825e+00	1.025001e+02
180	0.179000	8.949993e-01	0.000000e+00	5.588394e-01	5.000000e+00	0.000000e+00	2.244015e+00	1.025001e+02
181	0.180000	8.999993e-01	0.000000e+00	5.610785e-01	5.000000e+00	0.000000e+00	2.234205e+00	1.025001e+02
182	0.181000	9.049993e-01	0.000000e+00	5.633078e-01	5.000000e+00	0.000000e+00	2.224395e+00	1.025001e+02
183	0.182000	9.099993e-01	0.000000e+00	5.655273e-01	5.000000e+00	0.000000e+00	2.214585e+00	1.025001e+02
184	0.183000	9.149993e-01	0.000000e+00	5.677369e-01	5.000000e+00	0.000000e+00	2.204775e+00	1.025001e+02
185	0.184000	9.199993e-01	0.000000e+00	5.699368e-01	5.000000e+00	0.000000e+00	2.194965e+00	1.025001e+02
186	0.185000	9.249993e-01	0.000000e+00	5.721269e-01	5.000000e+00	0.000000e+00	2.185155e+00	1.025001e+02
187	0.186000	9.299993e-01	0.000000e+00	5.743071e-01	5.000000e+00	0.000000e+00	2.175345e+00	1.025001e+02
188	0.187000	9.349993e-01	0.000000e+00	5.764776e-01	5.000000e+00	0.000000e+00	2.165535e+00	1.025001e+02
189	0.188000	9.399993e-01	0.000000e+00	5.786382e-01	5.000000e+00	0.000000e+00	2.155725e+00	1.025001e+02
190	0.189000	9.449993e-01	0.000000e+00	5.807890e-01	5.000000e+00	0.000000e+00	2.145916e+00	1.025001e+02
191	0.190000	9.499993e-01	0.000000e+00	5.829300e-01	5.000000e+00	0.000000e+00	2.136106e+00	1.025001e+02
192	0.191000	9.549993e-01	0.000000e+00	5.850613e-01	5.000000e+00	0.000000e+00	2.126296e+00	1.025001e+02
193	0.192000	9.599993e-01	0.000000e+00	5.871826e-01	5.000000e+00	0.000000e+00	2.116486e+00	1.025001e+02
194	0.193000	9.649993e-01	0.000000e+00	5.892942e-01	5.000000e+00	0.000000e+00	2.106676e+00	1.025001e+02
195	0.194000	9.699993e-01	0.000000e+00	5.913960e-01	5.000000e+00	0.000000e+00	2.096866e+00	1.025001e+02
196	0.195000	9.749992e-01	0.000000e+00	5.934879e-01	5.000000e+00	0.000000e+00	2.087056e+00	1.025001e+02
197	0.196000	9.799992e-01	0.000000e+00	5.955701e-01	5.000000e+00	0.000000e+00	2.077246e+00	1.025001e+02
198	0.197000	9.849992e-01	0.000000e+00	5.976424e-01	5.000000e+00	0.000000e+00	2.067436e+00	1.025001e+02
199	0.198000	9.899992e-01	0.000000e+00	5.997050e-01	5.000000e+00	0.000000e+00	2.057626e+00	1.025001e+02
200	0.199000	9.949992e-01	0.000000e+00	6.017577e-01	5.000000e+00	0.000000e+00	2.047816e+00	1.025001e+02
201	0.200000	9.999992e-01	0.000000e+00	6.038006e-01	5.000000e+00	0.000000e+00	2.038006e+00	1.025001e+02
202	0.201000	1.004999e+00	0.000000e+00	6.058337e-01	5.000000e+00	0.000000e+00	2.028196e+00	1.025001e+02
203	0.202000	1.009999e+00	0.000000e+00	6.078570e-01	5.000000e+00	0.000000e+00	2.018386e+00	1.025001e+02
204	0.203000	1.014999e+00	0.000000e+00	6.098705e-01	5.000000e+00	0.000000e+00	2.008576e+00	1.025001e+02
205	0.204000	1.019999e+00	0.000000e+00	6.118742e-01	5.000000e+00	0.000000e+00	1.998766e+00	1.025001e+02
206	0.205000	1.024999e+00	0.000000e+00	6.138680e-01	5.000000e+00	0.000000e+00	1.988956e+00	1.025001e+02
207	0.206000	1.029999e+00	0.000000e+00	6.158521e-01	5.000000e+00	0.000000e+00	1.979146e+00	1.025001e+02
208	0.207000	1.034999e+00	0.000000e+00	6.178263e-01	5.000000e+00	0.000000e+00	1.969336e+00	1.025001e+02
209	0.208000	1.039999e+00	0.000000e+00	6.197907e-01	5.000000e+00	0.000000e+00	1.959526e+00	1.025001e+02
210	0.209000	1.044999e+00	0.000000e+00	6.217453e-01	5.000000e+00	0.000000e+00	1.949716e+00	1.025001e+02
211	0.210000	1.049999e+00	0.000000e+00	6.236902e-01	5.000000e+00	0.000000e+00	1.939906e+00	1.025001e+02
212	0.211000	1.054999e+00	0.000000e+00	6.256252e-01	5.000000e+00	0.000000e+00	1.930096e+00	1.025001e+02
213	0.212000	1.059999e+00	0.000000e+00	6.275504e-01	5.000000e+00	0.000000e+00	1.920286e+00	1.025001e+02
214	0.213000	1.064999e+00	0.000000e+00	6.294658e-01	5.000000e+00	0.000000e+00	1.910476e+00	1.025001e+02
215	0.214000	1.069999e+00	0.000000e+00	6.313713e-01	5.000000e+00	0.000000e+00	1.900666e+00	1.025001e+02
216	0.215000	1.074999e+00	0.000000e+00	6.332671e-01	5.000000e+00	0.000000e+00	1.890856e+00	1.025001e+02
217	0.216000	1.079999e+00	0.000000e+00	6.351531e-01	5.000000e+00	0.000000e+00	1.881046e+00	1.025001e+02
218	0.217000	1.084999e+00	0.000000e+00	6.370292e-01	5.000000e+00	0.000000e+00	1.871236e+00	1.025001e+02
219	0.218000	1.089999e+00	0.000000e+00	6.388955e-01	5.000000e+00	0.000000e+00	1.861426e+00	1.025001e+02
220	0.219000	1.094999e+00	0.000000e+00	6.407520e-01	5.000000e+00	0.000000e+00	1.851616e+00	1.025001e+02
221	0.220000	1.099999e+00	0.000000e+00	6.425987e-01	5.000000e+00	0.000000e+00	1.841806e+00	1.025001e+02
222	0.221000	1.104999e+00	0.000000e+00	6.444356e-01	5.000000e+00	0.000000e+00	1.831996e+00	1.025001e+02
223	0.222000	1.109999e+00	0.000000e+00	6.462628e-01	5.000000e+00	0.000000e+00	1.822186e+00	1.025001e+02
224	0.223000	1.114999e+00	0.000000e+00	6.480801e-01	5.000000e+00	0.000000e+00	1.812376e+00	1.025001e+02
225	0.224000	1.119999e+00	0.000000e+00	6.498875e-01	5.000000e+00	0.000000e+00	1.802567e+00	1.025001e+02
226	0.225000	1.124999e+00	0.000000e+00	6.516852e-01	5.000000e+00	0.000000e+00	1.792757e+00	1.025001e+02
227	0.226000	1.129999e+00	0.000000e+00	6.534730e-01	5.000000e+00	0.000000e+00	1.782947e+00	1.025001e+02
228	0.227000	1.134999e+00	0.000000e+00	6.552511e-01	5.000000e+00	0.000000e+00	1.773137e+00	1.025001e+02
229	0.228000	1.139999e+00	0.000000e+00	6.570193e-01	5.000000e+00	0.000000e+00	1.763327e+00	1.025001e+02
230	0.229000	1.144999e+00	0.000000e+00	6.587777e-01	5.000000e+00	0.000000e+00	1.753517e+00	1.025001e+02
231	0.230000	1.149999e+00	0.000000e+00	6.605263e-01	5.000000e+00	0.000000e+00	1.743707e+00	1.025001e+02
232	0.231000	1.154999e+00	0.000000e+00	6.622651e-01	5.000000e+00	0.000000e+00	1.733897e+00	1.025001e+02
233	0.232000	1.159999e+00	0.000000e+00	6.639941e-01	5.000000e+00	0.000000e+00	1.724087e+00	1.025001e+02
234	0.233000	1.164999e+00	0.000000e+00	6.657133e-01	5.000000e+00	0.000000e+00	1.714277e+00	1.025001e+02
235	0.234000	1.169999e+00	0.000000e+00	6.674227e-01	5.000000e+00	0.000000e+00	1.704467e+00	1.025001e+02
236	0.235000	1.174999e+00	0.000000e+00	6.691222e-01	5.000000e+00	0.000000e+00	1.694657e+00	1.025001e+02
237	0.236000	1.179999e+00	0.000000e+00	6.708120e-01	5.000000e+00	0.000000e+00	1.684847e+00	1.025001e+02
238	0.237000	1.184999e+00	0.000000e+00	6.724919e-01	5.000000e+00	0.000000e+00	1.675037e+00	1.025001e+02
239	0.238000	1.189999e+00	0.000000e+00	6.741620e-01	5.000000e+00	0.000000e+00	1.665227e+00	1.025001e+02
240	0.239000	1.194999e+00	0.000000e+00	6.758224e-01	5.000000e+00	0.000000e+00	1.655417e+00	1.025001e+02
241	0.240000	1.199999e+00	0.000000e+00	6.774729e-01	5.000000e+00	0.000000e+00	1.645607e+00	1.025001e+02
242	0.241000	1.204999e+00	0.000000e+00	6.791136e-01	5.000000e+00	0.000000e+00	1.635797e+00	1.025001e+02
243	0.242000	1.209999e+00	0.000000e+00	6.807445e-01	5.000000e+00	0.000000e+00	1.625987e+00	1.025001e+02
244	0.243000	1.214999e+00	0.000000e+00	6.823655e-01	5.000000e+00	0.000000e+00	1.616177e+00	1.025001e+02
245	0.244000	1.219999e+00	0.000000e+00	6.839768e-01	5.000000e+00	0.000000e+00	1.606367e+00	1.025001e+02
246	0.245000	1.224999e+00	0.000000e+00	6.855783e-01	5.000000e+00	0.000000e+00	1.596557e+00	1.025001e+02
247	0.246000	1.229999e+00	0.000000e+00	6.871699e-01	5.000000e+00	0.000000e+00	1.586747e+00	1.025001e+02
248	0.247000	1.234999e+00	0.000000e+00	6.887518e-01	5.000000e+00	0.000000e+00	1.576937e+00	1.025001e+02
249	0.248000	1.239999e+00	0.000000e+00	6.903238e-01	5.000000e+00	0.000000e+00	1.567127e+00	1.025001e+02
250	0.249000	1.244999e+00	0.000000e+00	6.918860e-01	5.000000e+00	0.000000e+00	1.557317e+00	1.025001e+02
251	0.250000	1.249999e+00	0.000000e+00	6.934384e-01	5.000000e+00	0.000000e+00	1.547507e+00	1.025001e+02
252	0.251000	1.254999e+00	0.000000e+00	6.949810e-01	5.000000e+00	0.000000e+00	1.537697e+00	1.025001e+02
253	0.252000	1.259999e+00	0.000000e+00	6.965138e-01	5.000000e+00	0.000000e+00	1.527887e+00	1.025001e+02
254	0.253000	1.264999e+00	0.000000e+00	6.980368e-01	5.000000e+00	0.000000e+00	1.518077e+00	1.025001e+02
255	0.254000	1.269999e+00	0.000000e+00	6.995500e-01	5.000000e+00	0.000000e+00	1.508267e+00	1.025001e+02
256	0.255000	1.274999e+00	0.000000e+00	7.010533e-01	5.000000e+00	0.000000e+00	1.498457e+00	1.025001e+02
257	0.256000	1.279999e+00	0.000000e+00	7.025469e-01	5.000000e+00	0.000000e+00	1.488647e+00	1.025001e+02
258	0.257000	1.284999e+00	0.000000e+00	7.040306e-01	5.000000e+00	0.000000e+00	1.478837e+00	1.025001e+02
259	0.258000	1.289999e+00	0.000000e+00	7.055045e-01	5.000000e+00	0.000000e+00	1.469028e+00	1.025001e+02
260	0.259000	1.294999e+00	0.000000e+00	7.069687e-01	5.000000e+00	0.000000e+00	1.459218e+00	1.025001e+02
261	0.260000	1.299999e+00	0.000000e+00	7.084230e-01	5.000000e+00	0.000000e+00	1.449408e+00	1.025001e+02
262	0.261000	1.304999e+00	0.000000e+00	7.098675e-01	5.000000e+00	0.000000e+00	1.439598e+00	1.025001e+02
263	0.262000	1.309999e+00	0.000000e+00	7.113022e-01	5.000000e+00	0.000000e+00	1.429788e+00	1.025001e+02
264	0.263000	1.314999e+00	0.000000e+00	7.127271e-01	5.000000e+00	0.000000e+00	1.419978e+00	1.025001e+02
265	0.264000	1.319999e+00	0.000000e+00	7.141421e-01	5.000000e+00	0.000000e+00	1.410168e+00	1.025001e+02
266	0.265000	1.324999e+00	0.000000e+00	7.155474e-01	5.000000e+00	0.000000e+00	1.400358e+00	1.025001e+02
267	0.266000	1.329999e+00	0.000000e+00	7.169428e-01	5.000000e+00	0.000000e+00	1.390548e+00	1.025001e+02
268	0.267000	1.334999e+00	0.000000e+00	7.183285e-01	5.000000e+00	0.000000e+00	1.380738e+00	1.025001e+02
269	0.268000	1.339999e+00	0.000000e+00	7.197043e-01	5.000000e+00	0.000000e+00	1.370928e+00	1.025001e+02
270	0.269000	1.344999e+00	0.000000e+00	7.210703e-01	5.000000e+00	0.000000e+00	1.361118e+00	1.025001e+02
271	0.270000	1.349999e+00	0.000000e+00	7.224265e-01	5.000000e+00	0.000000e+00	1.351308e+00	1.025001e+02
272	0.271000	1.354999e+00	0.000000e+00	7.237729e-01	5.000000e+00	0.000000e+00	1.341498e+00	1.025001e+02
273	0.272000	1.359999e+00	0.000000e+00	7.251095e-01	5.000000e+00	0.000000e+00	1.331688e+00	1.025001e+02
274	0.273000	1.364999e+00	0.000000e+00	7.264363e-01	5.000000e+00	0.000000e+00	1.321878e+00	1.025001e+02
275	0.274000	1.369999e+00	0.000000e+00	7.277533e-01	5.000000e+00	0.000000e+00	1.312068e+00	1.025001e+02
276	0.275000	1.374999e+00	0.000000e+00	7.290605e-01	5.000000e+00	0.000000e+00	1.302258e+00	1.025001e+02
277	0.276000	1.379999e+00	0.000000e+00	7.303578e-01	5.000000e+00	0.000000e+00	1.292448e+00	1.025001e+02
278	0.277000	1.384999e+00	0.000000e+00	7.316453e-01	5.000000e+00	0.000000e+00	1.282638e+00	1.025001e+02
279	0.278000	1.389999e+00	0.000000e+00	7.329231e-01	5.000000e+00	0.000000e+00	1.272828e+00	1.025001e+02
280	0.279000	1.394999e+00	0.000000e+00	7.341910e-01	5.000000e+00	0.000000e+00	1.263018e+00	1.025001e+02
281	0.280000	1.399999e+00	0.000000e+00	7.354491e-01	5.000000e+00	0.000000e+00	1.253208e+00	1.025001e+02
282	0.281000	1.404999e+00	0.000000e+00	7.366974e-01	5.000000e+00	0.000000e+00	1.243398e+00	1.025001e+02
283	0.282000	1.409999e+00	0.000000e+00	7.379359e-01	5.000000e+00	0.000000e+00	1.233588e+00	1.025001e+02
284	0.283000	1.414999e+00	0.000000e+00	7.391646e-01	5.000000e+00	0.000000e+00	1.223778e+00	1.025001e+02
285	0.284000	1.419999e+00	0.000000e+00	7.403834e-01	5.000000e+00	0.000000e+00	1.213968e+00	1.025001e+02
286	0.285000	1.424999e+00	0.000000e+00	7.415925e-01	5.000000e+00	0.000000e+00	1.204158e+00	1.025001e+02
287	0.286000	1.429999e+00	0.000000e+00	7.427918e-01	5.000000e+00	0.000000e+00	1.194348e+00	1.025001e+02
288	0.287000	1.434999e+00	0.000000e+00	7.439812e-01	5.000000e+00	0.000000e+00	1.184538e+00	1.025001e+02
289	0.288000	1.439999e+00	0.000000e+00	7.451609e-01	5.000000e+00	0.000000e+00	1.174728e+00	1.025001e+02
290	0.289000	1.444999e+00	0.000000e+00	7.463307e-01	5.000000e+00	0.000000e+00	1.164918e+00	1.025001e+02
291	0.290000	1.449999e+00	0.000000e+00	7.474907e-01	5.000000e+00	0.000000e+00	1.155108e+00	1.025001e+02
292	0.291000	1.454999e+00	0.000000e+00	7.486409e-01	5.000000e+00	0.000000e+00	1.145298e+00	1.025001e+02
293	0.292000	1.459999e+00	0.000000e+00	7.497813e-01	5.000000e+00	0.000000e+00	1.135489e+00	1.025001e+02
294	0.293000	1.464999e+00	0.000000e+00	7.509119e-01	5.000000e+00	0.000000e+00	1.125679e+00	1.025001e+02
295	0.294000	1.469999e+00	0.000000e+00	7.520326e-01	5.000000e+00	0.000000e+00	1.115869e+00	1.025001e+02
296	0.295000	1.474999e+00	0.000000e+00	7.531436e-01	5.000000e+00	0.000000e+00	1.106059e+00	1.025001e+02
297	0.296000	1.479999e+00	0.000000e+00	7.542447e-01	5.000000e+00	0.000000e+00	1.096249e+00	1.025001e+02
298	0.297000	1.484999e+00	0.000000e+00	7.553361e-01	5.000000e+00	0.000000e+00	1.086439e+00	1.025001e+02
299	0.298000	1.489999e+00	0.000000e+00	7.564176e-01	5.000000e+00	0.000000e+00	1.076629e+00	1.025001e+02
300	0.299000	1.494999e+00	0.000000e+00	7.574894e-01	5.000000e+00	0.000000e+00	1.066819e+00	1.025001e+02
301	0.300000	1.499999e+00	0.000000e+00	7.585513e-01	5.000000e+00	0.000000e+00	1.057009e+00	1.025001e+02
302	0.301000	1.504999e+00	0.000000e+00	7.596034e-01	5.000000e+00	0.000000e+00	1.047199e+00	1.025001e+02
303	0.302000	1.509999e+00	0.000000e+00	7.606457e-01	5.000000e+00	0.000000e+00	1.037389e+00	1.025001e+02
304	0.303000	1.514999e+00	0.000000e+00	7.616782e-01	5.000000e+00	0.000000e+00	1.027579e+00	1.025001e+02
305	0.304000	1.519999e+00	0.000000e+00	7.627009e-01	5.000000e+00	0.000000e+00	1.017769e+00	1.025001e+02
306	0.305000	1.524999e+00	0.000000e+00	7.637137e-01	5.000000e+00	0.000000e+00	1.007959e+00	1.025001e+02
307	0.306000	1.529999e+00	0.000000e+00	7.647167e-01	5.000000e+00	0.000000e+00	9.981489e-01	1.025001e+02
308	0.307000	1.534999e+00	0.000000e+00	7.657100e-01	5.000000e+00	0.000000e+00	9.883389e-01	1.025001e+02
309	0.308000	1.539999e+00	0.000000e+00	7.666934e-01	5.000000e+00	0.000000e+00	9.785290e-01	1.025001e+02
310	0.309000	1.544999e+00	0.000000e+00	7.676671e-01	5.000000e+00	0.000000e+00	9.687190e-01	1.025001e+02
311	0.310000	1.549999e+00	0.000000e+00	7.686309e-01	5.000000e+00	0.000000e+00	9.589090e-01	1.025001e+02
312	0.311000	1.554999e+00	0.000000e+00	7.695849e-01	5.000000e+00	0.000000e+00	9.490991e-01	1.025001e+02
313	0.312000	1.559999e+00	0.000000e+00	7.705291e-01	5.000000e+00	0.000000e+00	9.392891e-01	1.025001e+02
314	0.313000	1.564999e+00	0.000000e+00	7.714635e-01	5.000000e+00	0.000000e+00	9.294791e-01	1.025001e+02
315	0.314000	1.569999e+00	0.000000e+00	7.723880e-01	5.000000e+00	0.000000e+00	9.196692e-01	1.025001e+02
316	0.314999	1.574999e+00	0.000000e+00	7.733028e-01	5.000000e+00	0.000000e+00	9.098592e-01	1.025001e+02
317	0.315999	1.579999e+00	0.000000e+00	7.742078e-01	5.000000e+00	0.000000e+00	9.000492e-01	1.025001e+02
318	0.316999	1.584999e+00	0.000000e+00	7.751029e-01	5.000000e+00	0.000000e+00	8.902392e-01	1.025001e+02
319	0.317999	1.589999e+00	0.000000e+00	7.759882e-01	5.000000e+00	0.000000e+00	8.804293e-01	1.025001e+02
320	0.318999	1.594999e+00	0.000000e+00	7.768638e-01	5.000000e+00	0.000000e+00	8.706193e-01	1.025001e+02
321	0.319999	1.599999e+00	0.000000e+00	7.777295e-01	5.000000e+00	0.000000e+00	8.608093e-01	1.025001e+02
322	0.320999	1.604999e+00	0.000000e+00	7.785854e-01	5.000000e+00	0.000000e+00	8.509994e-01	1.025001e+02
323	0.321999	1.609999e+00	0.000000e+00	7.794315e-01	5.000000e+00	0.000000e+00	8.411894e-01	1.025001e+02
324	0.322999	1.614999e+00	0.000000e+00	7.802678e-01	5.000000e+00	0.000000e+00	8.313794e-01	1.025001e+02
325	0.323999	1.619999e+00	0.000000e+00	7.810943e-01	5.000000e+00	0.000000e+00	8.215694e-01	1.025001e+02
326	0.324999	1.624999e+00	0.000000e+00	7.819109e-01	5.000000e+00	0.000000e+00	8.117595e-01	1.025001e+02
327	0.325999	1.629999e+00	0.000000e+00	7.827178e-01	5.000000e+00	0.000000e+00	8.019495e-01	1.025001e+02
328	0.326999	1.634999e+00	0.000000e+00	7.835148e-01	5.000000e+00	0.000000e+00	7.921395e-01	1.025001e+02
329	0.327999	1.639999e+00	0.000000e+00	7.843021e-01	5.000000e+00	0.000000e+00	7.823296e-01	1.025001e+02
330	0.328999	1.644999e+00	0.000000e+00	7.850795e-01	5.000000e+00	0.000000e+00	7.725196e-01	1.025001e+02
331	0.329999	1.649999e+00	0.000000e+00	7.858471e-01	5.000000e+00	0.000000e+00	7.627096e-01	1.025001e+02
332	0.330999	1.654999e+00	0.000000e+00	7.866049e-01	5.000000e+00	0.000000e+00	7.528996e-01	1.025001e+02
333	0.331999	1.659999e+00	0.000000e+00	7.873529e-01	5.000000e+00	0.000000e+00	7.430897e-01	1.025001e+02
334	0.332999	1.664999e+00	0.000000e+00	7.880911e-01	5.000000e+00	0.000000e+00	7.332797e-01	1.025001e+02
335	0.333999	1.669999e+00	0.000000e+00	7.888194e-01	5.000000e+00	0.000000e+00	7.234697e-01	1.025001e+02
336	0.334999	1.674999e+00	0.000000e+00	7.895380e-01	5.000000e+00	0.000000e+00	7.136598e-01	1.025001e+02
337	0.335999	1.679999e+00	0.000000e+00	7.902468e-01	5.000000e+00	0.000000e+00	7.038498e-01	1.025001e+02
338	0.336999	1.684999e+00	0.000000e+00	7.909457e-01	5.000000e+00	0.000000e+00	6.940398e-01	1.025001e+02
339	0.337999	1.689999e+00	0.000000e+00	7.916349e-01	5.000000e+00	0.000000e+00	6.842299e-01	1.025001e+02
340	0.338999	1.694999e+00	0.000000e+00	7.923142e-01	5.000000e+00	0.000000e+00	6.744199e-01	1.025001e+02
341	0.339999	1.699999e+00	0.000000e+00	7.929837e-01	5.000000e+00	0.000000e+00	6.646099e-01	1.025001e+02
342	0.340999	1.704999e+00	0.000000e+00	7.936434e-01	5.000000e+00	0.000000e+00	6.547999e-01	1.025001e+02
343	0.341999	1.709999e+00	0.000000e+00	7.942933e-01	5.000000e+00	0.000000e+00	6.449900e-01	1.025001e+02
344	0.342999	1.714999e+00	0.000000e+00	7.949334e-01	5.000000e+00	0.000000e+00	6.351800e-01	1.025001e+02
345	0.343999	1.719999e+00	0.000000e+00	7.955636e-01	5.000000e+00	0.000000e+00	6.253700e-01	1.025001e+02
346	0.344999	1.724999e+00	0.000000e+00	7.961841e-01	5.000000e+00	0.000000e+00	6.155601e-01	1.025001e+02
347	0.345999	1.729999e+00	0.000000e+00	7.967948e-01	5.000000e+00	0.000000e+00	6.057501e-01	1.025001e+02
348	0.346999	1.734999e+00	0.000000e+00	7.973956e-01	5.000000e+00	0.000000e+00	5.959401e-01	1.025001e+02
349	0.347999	1.739999e+00	0.000000e+00	7.979867e-01	5.000000e+00	0.000000e+00	5.861301e-01	1.025001e+02
350	0.348999	1.744999e+00	0.000000e+00	7.985679e-01	5.000000e+00	0.000000e+00	5.763202e-01	1.025001e+02
351	0.349999	1.749999e+00	0.000000e+00	7.991393e-01	5.000000e+00	0.000000e+00	5.665102e-01	1.025001e+02
352	0.350999	1.754999e+00	0.000000e+00	7.997009e-01	5.000000e+00	0.000000e+00	5.567002e-01	1.025001e+02
353	0.351999	1.759999e+00	0.000000e+00	8.002527e-01	5.000000e+00	0.000000e+00	5.468903e-01	1.025001e+02
354	0.352999	1.764999e+00	0.000000e+00	8.007947e-01	5.000000e+00	0.000000e+00	5.370803e-01	1.025001e+02
355	0.353999	1.769999e+00	0.000000e+00	8.013269e-01	5.000000e+00	0.000000e+00	5.272703e-01	1.025001e+02
356	0.354999	1.774999e+00	0.000000e+00	8.018492e-01	5.000000e+00	0.000000e+00	5.174603e-01	1.025001e+02
357	0.355999	1.779999e+00	0.000000e+00	8.023618e-01	5.000000e+00	0.000000e+00	5.076504e-01	1.025001e+02
358	0.356999	1.784999e+00	0.000000e+00	8.028646e-01	5.000000e+00	0.000000e+00	4.978404e-01	1.025001e+02
359	0.357999	1.789999e+00	0.000000e+00	8.033575e-01	5.000000e+00	0.000000e+00	4.880304e-01	1.025001e+02
360	0.358999	1.794999e+00	0.000000e+00	8.038406e-01	5.000000e+00	0.000000e+00	4.782204e-01	1.025001e+02
361	0.359999	1.799999e+00	0.000000e+00	8.043139e-01	5.000000e+00	0.000000e+00	4.684104e-01	1.025001e+02
362	0.360999	1.804999e+00	0.000000e+00	8.047774e-01	5.000000e+00	0.000000e+00	4.586004e-01	1.025001e+02
363	0.361999	1.809999e+00	0.000000e+00	8.052311e-01	5.000000e+00	0.000000e+00	4.487904e-01	1.025001e+02
364	0.362999	1.814999e+00	0.000000e+00	8.056750e-01	5.000000e+00	0.000000e+00	4.389804e-01	1.025001e+02
365	0.363999	1.819999e+00	0.000000e+00	8.061091e-01	5.000000e+00	0.000000e+00	4.291704e-01	1.025001e+02
366	0.364999	1.824998e+00	0.000000e+00	8.065333e-01	5.000000e+00	0.000000e+00	4.193604e-01	1.025001e+02
367	0.365999	1.829998e+00	0.000000e+00	8.069478e-01	5.000000e+00	0.000000e+00	4.095504e-01	1.025001e+02
368	0.366999	1.834998e+00	0.000000e+00	8.073524e-01	5.000000e+00	0.000000e+00	3.997404e-01	1.025001e+02
369	0.367999	1.839998e+00	0.000000e+00	8.077472e-01	5.000000e+00	0.000000e+00	3.899304e-01	1.025001e+02
370	0.368999	1.844998e+00	0.000000e+00	8.081323e-01	5.000000e+00	0.000000e+00	3.801204e-01	1.025001e+02
371	0.369999	1.849998e+00	0.000000e+00	8.085075e-01	5.000000e+00	0.000000e+00	3.703104e-01	1.025001e+02
372	0.370999	1.854998e+00	0.000000e+00	8.088729e-01	5.000000e+00	0.000000e+00	3.605004e-01	1.025001e+02
373	0.371999	1.859998e+00	0.000000e+00	8.092285e-01	5.000000e+00	0.000000e+00	3.506904e-01	1.025001e+02
374	0.372999	1.864998e+00	0.000000e+00	8.095742e-01	5.000000e+00	0.000000e+00	3.408804e-01	1.025001e+02
375	0.373999	1.869998e+00	0.000000e+00	8.099102e-01	5.000000e+00	0.000000e+00	3.310704e-01	1.025001e+02
376	0.374999	1.874998e+00	0.000000e+00	8.102364e-01	5.000000e+00	0.000000e+00	3.212604e-01	1.025001e+02
377	0.375999	1.879998e+00	0.000000e+00	8.105528e-01	5.000000e+00	0.000000e+00	3.114504e-01	1.025001e+02
378	0.376999	1.884998e+00	0.000000e+00	8.108593e-01	5.000000e+00	0.000000e+00	3.016404e-01	1.025001e+02
379	0.377999	1.889998e+00	0.000000e+00	8.111560e-01	5.000000e+00	0.000000e+00	2.918304e-01	1.025001e+02
380	0.378999	1.894998e+00	0.000000e+00	8.114430e-01	5.000000e+00	0.000000e+00	2.820204e-01	1.025001e+02
381	0.379999	1.899998e+00	0.000000e+00	8.117201e-01	5.000000e+00	0.000000e+00	2.722104e-01	1.025001e+02
382	0.380999	1.904998e+00	0.000000e+00	8.119874e-01	5.000000e+00	0.000000e+00	2.624004e-01	1.025001e+02
383	0.381999	1.909998e+00	0.000000e+00	8.122449e-01	5.000000e+00	0.000000e+00	2.525904e-01	1.025001e+02
384	0.382999	1.914998e+00	0.000000e+00	8.124925e-01	5.000000e+00	0.000000e+00	2.427804e-01	1.025001e+02
385	0.383999	1.919998e+00	0.000000e+00	8.127304e-01	5.000000e+00	0.000000e+00	2.329704e-01	1.025001e+02
386	0.384999	1.924998e+00	0.000000e+00	8.129585e-01	5.000000e+00	0.000000e+00	2.231604e-01	1.025001e+02
387	0.385999	1.929998e+00	0.000000e+00	8.131768e-01	5.000000e+00	0.000000e+00	2.133504e-01	1.025001e+02
388	0.386999	1.934998e+00	0.000000e+00	8.133852e-01	5.000000e+00	0.000000e+00	2.035404e-01	1.025001e+02
389	0.387999	1.939998e+00	0.000000e+00	8.135839e-01	5.000000e+00	0.000000e+00	1.937304e-01	1.025001e+02
390	0.388999	1.944998e+00	0.000000e+00	8.137727e-01	5.000000e+00	0.000000e+00	1.839204e-01	1.025001e+02
391	0.389999	1.949998e+00	0.000000e+00	8.139517e-01	5.000000e+00	0.000000e+00	1.741104e-01	1.025001e+02
392	0.390999	1.954998e+00	0.000000e+00	8.141209e-01	5.000000e+00	0.000000e+00	1.643004e-01	1.025001e+02
393	0.391998	1.959998e+00	0.000000e+00	8.142803e-01	5.000000e+00	0.000000e+00	1.544904e-01	1.025001e+02
394	0.392998	1.964998e+00	0.000000e+00	8.144299e-01	5.000000e+00	0.000000e+00	1.446804e-01	1.025001e+02
395	0.393998	1.969998e+00	0.000000e+00	8.145697e-01	5.000000e+00	0.000000e+00	1.348704e-01	1.025001e+02
396	0.394998	1.974998e+00	0.000000e+00	8.146996e-01	5.000000e+00	0.000000e+00	1.250603e-01	1.025001e+02
397	0.395998	1.979998e+00	0.000000e+00	8.148198e-01	5.000000e+00	0.000000e+00	1.152503e-01	1.025001e+02
398	0.396998	1.984998e+00	0.000000e+00	8.149301e-01	5.000000e+00	0.000000e+00	1.054403e-01	1.025001e+02
399	0.397998	1.989998e+00	0.000000e+00	8.150306e-01	5.000000e+00	0.000000e+00	9.563035e-02	1.025001e+02
400	0.398998	1.994998e+00	0.000000e+00	8.151214e-01	5.000000e+00	0.000000e+00	8.582035e-02	1.025001e+02
401	0.399998	1.999998e+00	0.000000e+00	8.152023e-01	5.000000e+00	0.000000e+00	7.601035e-02	1.025001e+02
402	0.400998	2.004998e+00	0.000000e+00	8.152734e-01	5.000000e+00	0.000000e+00	6.620035e-02	1.025001e+02
403	0.401998	2.009999e+00	0.000000e+00	8.153347e-01	5.000000e+00	0.000000e+00	5.639035e-02	1.025001e+02
404	0.402998	2.014999e+00	0.000000e+00	8.153862e-01	5.000000e+00	0.000000e+00	4.658034e-02	1.025001e+02
405	0.403998	2.019999e+00	0.000000e+00	8.154278e-01	5.000000e+00	0.000000e+00	3.677034e-02	1.025001e+02
406	0.404998	2.024999e+00	0.000000e+00	8.154597e-01	5.000000e+00	0.000000e+00	2.696034e-02	1.025001e+02
407	0.405998	2.029999e+00	0.000000e+00	8.154818e-01	5.000000e+00	0.000000e+00	1.715034e-02	1.025001e+02
408	0.406998	2.034999e+00	0.000000e+00	8.154940e-01	5.000000e+00	0.000000e+00	7.340343e-03	1.025001e+02
409	0.407998	2.039999e+00	0.000000e+00	8.154964e-01	5.000000e+00	0.000000e+00	-2.469657e-03	1.025001e+02
410	0.408998	2.044999e+00	0.000000e+00	8.154891e-01	5.000000e+00	0.000000e+00	-1.227966e-02	1.025001e+02
411	0.409998	2.049999e+00	0.000000e+00	8.154719e-01	5.000000e+00	0.000000e+00	-2.208966e-02	1.025001e+02
412	0.410998	2.055000e+00	0.000000e+00	8.154449e-01	5.000000e+00	0.000000e+00	-3.189966e-02	1.025001e+02
413	0.411998	2.060000e+00	0.000000e+00	8.154081e-01	5.000000e+00	0.000000e+00	-4.170966e-02	1.025001e+02
414	0.412998	2.065000e+00	0.000000e+00	8.153615e-01	5.000000e+00	0.000000e+00	-5.151966e-02	1.025001e+02
415	0.413998	2.070000e+00	0.000000e+00	8.153051e-01	5.000000e+00	0.000000e+00	-6.132966e-02	1.025001e+02
416	0.414998	2.075000e+00	0.000000e+00	8.152388e-01	5.000000e+00	0.000000e+00	-7.113966e-02	1.025001e+02
417	0.415998	2.080000e+00	0.000000e+00	8.151628e-01	5.000000e+00	0.000000e+00	-8.094966e-02	1.025001e+02
418	0.416998	2.085000e+00	0.000000e+00	8.150769e-01	5.000000e+00	0.000000e+00	-9.075966e-02	1.025001e+02
419	0.417998	2.090000e+00	0.000000e+00	8.149813e-01	5.000000e+00	0.000000e+00	-1.005697e-01	1.025001e+02
420	0.418998	2.095001e+00	0.000000e+00	8.148758e-01	5.000000e+00	0.000000e+00	-1.103797e-01	1.025001e+02
421	0.419998	2.100001e+00	0.000000e+00	8.147605e-01	5.000000e+00	0.000000e+00	-1.201897e-01	1.025001e+02
422	0.420998	2.105001e+00	0.000000e+00	8.146354e-01	5.000000e+00	0.000000e+00	-1.299997e-01	1.025001e+02
423	0.421998	2.110001e+00	0.000000e+00	8.145005e-01	5.000000e+00	0.000000e+00	-1.398097e-01	1.025001e+02
424	0.422998	2.115001e+00	0.000000e+00	8.143558e-01	5.000000e+00	0.000000e+00	-1.496197e-01	1.025001e+02
425	0.423998	2.120001e+00	0.000000e+00	8.142013e-01	5.000000e+00	0.000000e+00	-1.594297e-01	1.025001e+02
426	0.424998	2.125001e+00	0.000000e+00	8.140370e-01	5.000000e+00	0.000000e+00	-1.692397e-01	1.025001e+02
427	0.425998	2.130001e+00	0.000000e+00	8.138628e-01	5.000000e+00	0.000000e+00	-1.790497e-01	1.025001e+02
428	0.426998	2.135001e+00	0.000000e+00	8.136789e-01	5.000000e+00	0.000000e+00	-1.888597e-01	1.025001e+02
429	0.427998	2.140002e+00	0.000000e+00	8.134851e-01	5.000000e+00	0.000000e+00	-1.986697e-01	1.025001e+02
430	0.428998	2.145002e+00	0.000000e+00	8.132815e-01	5.000000e+00	0.000000e+00	-2.084797e-01	1.025001e+02
431	0.429998	2.150002e+00	0.000000e+00	8.130682e-01	5.000000e+00	0.000000e+00	-2.182897e-01	1.025001e+02
432	0.430998	2.155002e+00	0.000000e+00	8.128449e-01	5.000000e+00	0.000000e+00	-2.280997e-01	1.025001e+02
433	0.431998	2.160002e+00	0.000000e+00	8.126119e-01	5.000000e+00	0.000000e+00	-2.379097e-01	1.025001e+02
434	0.432998	2.165002e+00	0.000000e+00	8.123691e-01	5.000000e+00	0.000000e+00	-2.477197e-01	1.025001e+02
435	0.433998	2.170002e+00	0.000000e+00	8.121165e-01	5.000000e+00	0.000000e+00	-2.575296e-01	1.025001e+02
436	0.434998	2.175002e+00	0.000000e+00	8.118541e-01	5.000000e+00	0.000000e+00	-2.673396e-01	1.025001e+02
437	0.435998	2.180002e+00	0.000000e+00	8.115818e-01	5.000000e+00	0.000000e+00	-2.771496e-01	1.025001e+02
438	0.436998	2.185003e+00	0.000000e+00	8.112997e-01	5.000000e+00	0.000000e+00	-2.869596e-01	1.025001e+02
439	0.437998	2.190003e+00	0.000000e+00	8.110079e-01	5.000000e+00	0.000000e+00	-2.967696e-01	1.025001e+02
440	0.438998	2.195003e+00	0.000000e+00	8.107062e-01	5.000000e+00	0.000000e+00	-3.065796e-01	1.025001e+02
441	0.439998	2.200003e+00	0.000000e+00	8.103947e-01	5.000000e+00	0.000000e+00	-3.163897e-01	1.025001e+02
442	0.440998	2.205003e+00	0.000000e+00	8.100734e-01	5.000000e+00	0.000000e+00	-3.261997e-01	1.025001e+02
443	0.441998	2.210003e+00	0.000000e+00	8.097423e-01	5.000000e+00	0.000000e+00	-3.360097e-01	1.025001e+02
444	0.442998	2.215003e+00	0.000000e+00	8.094014e-01	5.000000e+00	0.000000e+00	-3.458197e-01	1.025001e+02
445	0.443998	2.220003e+00	0.000000e+00	8.090507e-01	5.000000e+00	0.000000e+00	-3.556297e-01	1.025001e+02
446	0.444998	2.225003e+00	0.000000e+00	8.086901e-01	5.000000e+00	0.000000e+00	-3.654397e-01	1.025001e+02
447	0.445998	2.230004e+00	0.000000e+00	8.083198e-01	5.000000e+00	0.000000e+00	-3.752497e-01	1.025001e+02
448	0.446998	2.235004e+00	0.000000e+00	8.079396e-01	5.000000e+00	0.000000e+00	-3.850597e-01	1.025001e+02
449	0.447998	2.240004e+00	0.000000e+00	8.075497e-01	5.000000e+00	0.000000e+00	-3.948697e-01	1.025001e+02
450	0.448998	2.245004e+00	0.000000e+00	8.071499e-01	5.000000e+00	0.000000e+00	-4.046797e-01	1.025001e+02
451	0.449998	2.250004e+00	0.000000e+00	8.067403e-01	5.000000e+00	0.000000e+00	-4.144897e-01	1.025001e+02
452	0.450998	2.255004e+00	0.000000e+00	8.063209e-01	5.000000e+00	0.000000e+00	-4.242997e-01	1.025001e+02
453	0.451998	2.260004e+00	0.000000e+00	8.058917e-01	5.000000e+00	0.000000e+00	-4.341097e-01	1.025001e+02
454	0.452998	2.265004e+00	0.000000e+00	8.054527e-01	5.000000e+00	0.000000e+00	-4.439197e-01	1.025001e+02
455	0.453998	2.270005e+00	0.000000e+00	8.050039e-01	5.000000e+00	0.000000e+00	-4.537297e-01	1.025001e+02
456	0.454998	2.275005e+00	0.000000e+00	8.045452e-01	5.000000e+00	0.000000e+00	-4.635397e-01	1.025001e+02
457	0.455998	2.280005e+00	0.000000e+00	8.040768e-01	5.000000e+00	0.000000e+00	-4.733497e-01	1.025001e+02
458	0.456998	2.285005e+00	0.000000e+00	8.035985e-01	5.000000e+00	0.000000e+00	-4.831597e-01	1.025001e+02
459	0.457998	2.290005e+00	0.000000e+00	8.031105e-01	5.000000e+00	0.000000e+00	-4.929697e-01	1.025001e+02
460	0.458998	2.295005e+00	0.000000e+00	8.026126e-01	5.000000e+00	0.000000e+00	-5.027797e-01	1.025001e+02
461	0.459998	2.300005e+00	0.000000e+00	8.021049e-01	5.000000e+00	0.000000e+00	-5.125896e-01	1.025001e+02
462	0.460998	2.305005e+00	0.000000e+00	8.015874e-01	5.000000e+00	0.000000e+00	-5.223996e-01	1.025001e+02
463	0.461998	2.310005e+00	0.000000e+00	8.010601e-01	5.000000e+00	0.000000e+00	-5.322096e-01	1.025001e+02
464	0.462998	2.315006e+00	0.000000e+00	8.005230e-01	5.000000e+00	0.000000e+00	-5.420195e-01	1.025001e+02
465	0.463998	2.320006e+00	0.000000e+00	7.999761e-01	5.000000e+00	0.000000e+00	-5.518295e-01	1.025001e+02
466	0.464998	2.325006e+00	0.000000e+00	7.994193e-01	5.000000e+00	0.000000e+00	-5.616395e-01	1.025001e+02
467	0.465998	2.330006e+00	0.000000e+00	7.988528e-01	5.000000e+00	0.000000e+00	-5.714495e-01	1.025001e+02
468	0.466998	2.335006e+00	0.000000e+00	7.982764e-01	5.000000e+00	0.000000e+00	-5.812594e-01	1.025001e+02
469	0.467998	2.340006e+00	0.000000e+00	7.976903e-01	5.000000e+00	0.000000e+00	-5.910694e-01	1.025001e+02
470	0.468998	2.345006e+00	0.000000e+00	7.970943e-01	5.000000e+00	0.000000e+00	-6.008794e-01	1.025001e+02
471	0.469997	2.350006e+00	0.000000e+00	7.964885e-01	5.000000e+00	0.000000e+00	-6.106893e-01	1.025001e+02
472	0.470997	2.355006e+00	0.000000e+00	7.958729e-01	5.000000e+00	0.000000e+00	-6.204993e-01	1.025001e+02
473	0.471997	2.360007e+00	0.000000e+00	7.952475e-01	5.000000e+00	0.000000e+00	-6.303093e-01	1.025001e+02
474	0.472997	2.365007e+00	0.000000e+00	7.946123e-01	5.000000e+00	0.000000e+00	-6.401193e-01	1.025001e+02
475	0.473997	2.370007e+00	0.000000e+00	7.939672e-01	5.000000e+00	0.000000e+00	-6.499292e-01	1.025001e+02
476	0.474997	2.375007e+00	0.000000e+00	7.933124e-01	5.000000e+00	0.000000e+00	-6.597392e-01	1.025001e+02
477	0.475997	2.380007e+00	0.000000e+00	7.926478e-01	5.000000e+00	0.000000e+00	-6.695492e-01	1.025001e+02
478	0.476997	2.385007e+00	0.000000e+00	7.919734e-01	5.000000e+00	0.000000e+00	-6.793591e-01	1.025001e+02
479	0.477997	2.390007e+00	0.000000e+00	7.912891e-01	5.000000e+00	0.000000e+00	-6.891691e-01	1.025001e+02
480	0.478997	2.395007e+00	0.000000e+00	7.905950e-01	5.000000e+00	0.000000e+00	-6.989791e-01	1.025001e+02
481	0.479997	2.400007e+00	0.000000e+00	7.898911e-01	5.000000e+00	0.000000e+00	-7.087891e-01	1.025001e+02
482	0.480997	2.405008e+00	0.000000e+00	7.891774e-01	5.000000e+00	0.000000e+00	-7.185990e-01	1.025001e+02
483	0.481997	2.410008e+00	0.000000e+00	7.884539e-01	5.000000e+00	0.000000e+00	-7.284090e-01	1.025001e+02
484	0.482997	2.415008e+00	0.000000e+00	7.877206e-01	5.000000e+00	0.000000e+00	-7.382190e-01	1.025001e+02
485	0.483997	2.420008e+00	0.000000e+00	7.869775e-01	5.000000e+00	0.000000e+00	-7.480289e-01	1.025001e+02
486	0.484997	2.425008e+00	0.000000e+00	7.862245e-01	5.000000e+00	0.000000e+00	-7.578389e-01	1.025001e+02
487	0.485997	2.430008e+00	0.000000e+00	7.854618e-01	5.000000e+00	0.000000e+00	-7.676489e-01	1.025001e+02
488	0.486997	2.435008e+00	0.000000e+00	7.846892e-01	5.000000e+00	0.000000e+00	-7.774588e-01	1.025001e+02
489	0.487997	2.440008e+00	0.000000e+00	7.839069e-01	5.000000e+00	0.000000e+00	-7.872688e-01	1.025001e+02
490	0.488997	2.445009e+00	0.000000e+00	7.831147e-01	5.000000e+00	0.000000e+00	-7.970788e-01	1.025001e+02
491	0.489997	2.450009e+00	0.000000e+00	7.823128e-01	5.000000e+00	0.000000e+00	-8.068888e-01	1.025001e+02
492	0.490997	2.455009e+00	0.000000e+00	7.815009e-01	5.000000e+00	0.000000e+00	-8.166987e-01	1.025001e+02
493	0.491997	2.460009e+00	0.000000e+00	7.806793e-01	5.000000e+00	0.000000e+00	-8.265087e-01	1.025001e+02
494	0.492997	2.465009e+00	0.000000e+00	7.798479e-01	5.000000e+00	0.000000e+00	-8.363187e-01	1.025001e+02
495	0.493997	2.470009e+00	0.000000e+00	7.790067e-01	5.000000e+00	0.000000e+00	-8.461286e-01	1.025001e+02
496	0.494997	2.475009e+00	0.000000e+00	7.781557e-01	5.000000e+00	0.000000e+00	-8.559386e-01	1.025001e+02
497	0.495997	2.480009e+00	0.000000e+00	7.772948e-01	5.000000e+00	0.000000e+00	-8.657486e-01	1.025001e+02
498	0.496997	2.485009e+00	0.000000e+00	7.764242e-01	5.000000e+00	0.000000e+00	-8.755586e-01	1.025001e+02
499	0.497997	2.490010e+00	0.000000e+00	7.755437e-01	5.000000e+00	0.000000e+00	-8.853685e-01	1.025001e+02
500	0.498997	2.495010e+00	0.000000e+00	7.746534e-01	5.000000e+00	0.000000e+00	-8.951785e-01	1.025001e+02
501	0.499997	2.500010e+00	0.000000e+00	7.737533e-01	5.000000e+00	0.000000e+00	-9.049885e-01	1.025001e+02
502	0.500997	2.505010e+00	0.000000e+00	7.728435e-01	5.000000e+00	0.000000e+00	-9.147984e-01	1.025001e+02
503	0.501997	2.510010e+00	0.000000e+00	7.719238e-01	5.000000e+00	0.000000e+00	-9.246084e-01	1.025001e+02
504	0.502997	2.515010e+00	0.000000e+00	7.709942e-01	5.000000e+00	0.000000e+00	-9.344184e-01	1.025001e+02
505	0.503997	2.520010e+00	0.000000e+00	7.700549e-01	5.000000e+00	0.000000e+00	-9.442284e-01	1.025001e+02
506	0.504997	2.525010e+00	0.000000e+00	7.691058e-01	5.000000e+00	0.000000e+00	-9.540383e-01	1.025001e+02
507	0.505997	2.530010e+00	0.000000e+00	7.681469e-01	5.000000e+00	0.000000e+00	-9.638483e-01	1.025001e+02
508	0.506997	2.535011e+00	0.000000e+00	7.671781e-01	5.000000e+00	0.000000e+00	-9.736583e-01	1.025001e+02
509	0.507997	2.540011e+00	0.000000e+00	7.661995e-01	5.000000e+00	0.000000e+00	-9.834682e-01	1.025001e+02
510	0.508997	2.545011e+00	0.000000e+00	7.652112e-01	5.000000e+00	0.000000e+00	-9.932782e-01	1.025001e+02
511	0.509997	2.550011e+00	0.000000e+00	7.642130e-01	5.000000e+00	0.000000e+00	-1.003088e+00	1.025001e+02
512	0.510997	2.555011e+00	0.000000e+00	7.632050e-01	5.000000e+00	0.000000e+00	-1.012898e+00	1.025001e+02
513	0.511997	2.560011e+00	0.000000e+00	7.621872e-01	5.000000e+00	0.000000e+00	-1.022708e+00	1.025001e+02
514	0.512997	2.565011e+00	0.000000e+00	7.611596e-01	5.000000e+00	0.000000e+00	-1.032518e+00	1.025001e+02
515	0.513997	2.570011e+00	0.000000e+00	7.601222e-01	5.000000e+00	0.000000e+00	-1.042328e+00	1.025001e+02
516	0.514997	2.575011e+00	0.000000e+00	7.590749e-01	5.000000e+00	0.000000e+00	-1.052138e+00	1.025001e+02
517	0.515997	2.580012e+00	0.000000e+00	7.580179e-01	5.000000e+00	0.000000e+00	-1.061948e+00	1.025001e+02
518	0.516997	2.585012e+00	0.000000e+00	7.569510e-01	5.000000e+00	0.000000e+00	-1.071758e+00	1.025001e+02
519	0.517997	2.590012e+00	0.000000e+00	7.558744e-01	5.000000e+00	0.000000e+00	-1.081568e+00	1.025001e+02
520	0.518997	2.595012e+00	0.000000e+00	7.547879e-01	5.000000e+00	0.000000e+00	-1.091378e+00	1.025001e+02
521	0.519997	2.600012e+00	0.000000e+00	7.536916e-01	5.000000e+00	0.000000e+00	-1.101188e+00	1.025001e+02
522	0.520997	2.605012e+00	0.000000e+00	7.525855e-01	5.000000e+00	0.000000e+00	-1.110998e+00	1.025001e+02
523	0.521997	2.610012e+00	0.000000e+00	7.514696e-01	5.000000e+00	0.000000e+00	-1.120808e+00	1.025001e+02
524	0.522997	2.615012e+00	0.000000e+00	7.503439e-01	5.000000e+00	0.000000e+00	-1.130618e+00	1.025001e+02
525	0.523997	2.620013e+00	0.000000e+00	7.492084e-01	5.000000e+00	0.000000e+00	-1.140428e+00	1.025001e+02
526	0.524997	2.625013e+00	0.000000e+00	7.480631e-01	5.000000e+00	0.000000e+00	-1.150238e+00	1.025001e+02
527	0.525997	2.630013e+00	0.000000e+00	7.469079e-01	5.000000e+00	0.000000e+00	-1.160048e+00	1.025001e+02
528	0.526997	2.635013e+00	0.000000e+00	7.457430e-01	5.000000e+00	0.000000e+00	-1.169858e+00	1.025001e+02
529	0.527997	2.640013e+00	0.000000e+00	7.445682e-01	5.000000e+00	0.000000e+00	-1.179668e+00	1.025001e+02
530	0.528997	2.645013e+00	0.000000e+00	7.433836e-01	5.000000e+00	0.000000e+00	-1.189478e+00	1.025001e+02
531	0.529997	2.650013e+00	0.000000e+00	7.421893e-01	5.000000e+00	0.000000e+00	-1.199288e+00	1.025001e+02
532	0.530997	2.655013e+00	0.000000e+00	7.409851e-01	5.000000e+00	0.000000e+00	-1.209098e+00	1.025001e+02
533	0.531997	2.660013e+00	0.000000e+00	7.397711e-01	5.000000e+00	0.000000e+00	-1.218908e+00	1.025001e+02
534	0.532997	2.665014e+00	0.000000e+00	7.385473e-01	5.000000e+00	0.000000e+00	-1.228718e+00	1.025001e+02
535	0.533997	2.670014e+00	0.000000e+00	7.373136e-01	5.000000e+00	0.000000e+00	-1.238528e+00	1.025001e+02
536	0.534997	2.675014e+00	0.000000e+00	7.360702e-01	5.000000e+00	0.000000e+00	-1.248338e+00	1.025001e+02
537	0.535997	2.680014e+00	0.000000e+00	7.348170e-01	5.000000e+00	0.000000e+00	-1.258147e+00	1.025001e+02
538	0.536997	2.685014e+00	0.000000e+00	7.335539e-01	5.000000e+00	0.000000e+00	-1.267957e+00	1.025001e+02
539	0.537997	2.690014e+00	0.000000e+00	7.322810e-01	5.000000e+00	0.000000e+00	-1.277767e+00	1.025001e+02
540	0.538997	2.695014e+00	0.000000e+00	7.309983e-01	5.000000e+00	0.000000e+00	-1.287577e+00	1.025001e+02
541	0.539997	2.700014e+00	0.000000e+00	7.297059e-01	5.000000e+00	0.000000e+00	-1.297387e+00	1.025001e+02
542	0.540997	2.705014e+00	0.000000e+00	7.284036e-01	5.000000e+00	0.000000e+00	-1.307197e+00	1.025001e+02
543	0.541997	2.710015e+00	0.000000e+00	7.270915e-01	5.000000e+00	0.000000e+00	-1.317007e+00	1.025001e+02
544	0.542997	2.715015e+00	0.000000e+00	7.257696e-01	5.000000e+00	0.000000e+00	-1.326817e+00	1.025001e+02
545	0.543997	2.720015e+00	0.000000e+00	7.244378e-01	5.000000e+00	0.000000e+00	-1.336627e+00	1.025001e+02
546	0.544997	2.725015e+00	0.000000e+00	7.230963e-01	5.000000e+00	0.000000e+00	-1.346437e+00	1.025001e+02
547	0.545997	2.730015e+00	0.000000e+00	7.217450e-01	5.000000e+00	0.000000e+00	-1.356247e+00	1.025001e+02
548	0.546997	2.735015e+00	0.000000e+00	7.203838e-01	5.000000e+00	0.000000e+00	-1.366057e+00	1.025001e+02
549	0.547997	2.740015e+00	0.000000e+00	7.190129e-01	5.000000e+00	0.000000e+00	-1.375867e+00	1.025001e+02
550	0.548997	2.745015e+00	0.000000e+00	7.176321e-01	5.000000e+00	0.000000e+00	-1.385677e+00	1.025001e+02
551	0.549996	2.750015e+00	0.000000e+00	7.162415e-01	5.000000e+00	0.000000e+00	-1.395487e+00	1.025001e+02
552	0.550996	2.755016e+00	0.000000e+00	7.148411e-01	5.000000e+00	0.000000e+00	-1.405297e+00	1.025001e+02
553	0.551996	2.760016e+00	0.000000e+00	7.134309e-01	5.000000e+00	0.000000e+00	-1.415107e+00	1.025001e+02
554	0.552996	2.765016e+00	0.000000e+00	7.120109e-01	5.000000e+00	0.000000e+00	-1.424917e+00	1.025001e+02
555	0.553996	2.770016e+00	0.000000e+00	7.105811e-01	5.000000e+00	0.000000e+00	-1.434727e+00	1.025001e+02
556	0.554996	2.775016e+00	0.000000e+00	7.091414e-01	5.000000e+00	0.000000e+00	-1.444537e+00	1.025001e+02
557	0.555996	2.780016e+00	0.000000e+00	7.076920e-01	5.000000e+00	0.000000e+00	-1.454347e+00	1.025001e+02
558	0.556996	2.785016e+00	0.000000e+00	7.062327e-01	5.000000e+00	0.000000e+00	-1.464157e+00	1.025001e+02
559	0.557996	2.790016e+00	0.000000e+00	7.047637e-01	5.000000e+00	0.000000e+00	-1.473967e+00	1.025001e+02
560	0.558996	2.795017e+00	0.000000e+00	7.032848e-01	5.000000e+00	0.000000e+00	-1.483777e+00	1.025001e+02
561	0.559996	2.800017e+00	0.000000e+00	7.017961e-01	5.000000e+00	0.000000e+00	-1.493587e+00	1.025001e+02
562	0.560996	2.805017e+00	0.000000e+00	7.002976e-01	5.000000e+00	0.000000e+00	-1.503397e+00	1.025001e+02
563	0.561996	2.810017e+00	0.000000e+00	6.987893e-01	5.000000e+00	0.000000e+00	-1.513207e+00	1.025001e+02
564	0.562996	2.815017e+00	0.000000e+00	6.972712e-01	5.000000e+00	0.000000e+00	-1.523017e+00	1.025001e+02
565	0.563996	2.820017e+00	0.000000e+00	6.957433e-01	5.000000e+00	0.000000e+00	-1.532827e+00	1.025001e+02
566	0.564996	2.825017e+00	0.000000e+00	6.942055e-01	5.000000e+00	0.000000e+00	-1.542637e+00	1.025001e+02
567	0.565996	2.830017e+00	0.000000e+00	6.926580e-01	5.000000e+00	0.000000e+00	-1.552447e+00	1.025001e+02
568	0.566996	2.835017e+00	0.000000e+00	6.911007e-01	5.000000e+00	0.000000e+00	-1.562257e+00	1.025001e+02
569	0.567996	2.840018e+00	0.000000e+00	6.895335e-01	5.000000e+00	0.000000e+00	-1.572067e+00	1.025001e+02
570	0.568996	2.845018e+00	0.000000e+00	6.879565e-01	5.000000e+00	0.000000e+00	-1.581877e+00	1.025001e+02
571	0.569996	2.850018e+00	0.000000e+00	6.863697e-01	5.000000e+00	0.000000e+00	-1.591686e+00	1.025001e+02
572	0.570996	2.855018e+00	0.000000e+00	6.847731e-01	5.000000e+00	0.000000e+00	-1.601496e+00	1.025001e+02
573	0.571996	2.860018e+00	0.000000e+00	6.831667e-01	5.000000e+00	0.000000e+00	-1.611306e+00	1.025001e+02
574	0.572996	2.865018e+00	0.000000e+00	6.815505e-01	5.000000e+00	0.000000e+00	-1.621116e+00	1.025001e+02
575	0.573996	2.870018e+00	0.000000e+00	6.799245e-01	5.000000e+00	0.000000e+00	-1.630926e+00	1.025001e+02
576	0.574996	2.875018e+00	0.000000e+00	6.782886e-01	5.000000e+00	0.000000e+00	-1.640736e+00	1.025001e+02
577	0.575996	2.880018e+00	0.000000e+00	6.766430e-01	5.000000e+00	0.000000e+00	-1.650546e+00	1.025001e+02
578	0.576996	2.885019e+00	0.000000e+00	6.749876e-01	5.000000e+00	0.000000e+00	-1.660356e+00	1.025001e+02
579	0.577996	2.890019e+00	0.000000e+00	6.733223e-01	5.000000e+00	0.000000e+00	-1.670166e+00	1.025001e+02
580	0.578996	2.895019e+00	0.000000e+00	6.716473e-01	5.000000e+00	0.000000e+00	-1.679976e+00	1.025001e+02
581	0.579996	2.900019e+00	0.000000e+00	6.699623e-01	5.000000e+00	0.000000e+00	-1.689786e+00	1.025001e+02
582	0.580996	2.905019e+00	0.000000e+00	6.682677e-01	5.000000e+00	0.000000e+00	-1.699596e+00	1.025001e+02
583	0.581996	2.910019e+00	0.000000e+00	6.665632e-01	5.000000e+00	0.000000e+00	-1.709406e+00	1.025001e+02
584	0.582996	2.915019e+00	0.000000e+00	6.648489e-01	5.000000e+00	0.000000e+00	-1.719216e+00	1.025001e+02
585	0.583996	2.920019e+00	0.000000e+00	6.631247e-01	5.000000e+00	0.000000e+00	-1.729026e+00	1.025001e+02
586	0.584996	2.925020e+00	0.000000e+00	6.613908e-01	5.000000e+00	0.000000e+00	-1.738836e+00	1.025001e+02
587	0.585996	2.930020e+00	0.000000e+00	6.596470e-01	5.000000e+00	0.000000e+00	-1.748646e+00	1.025001e+02
588	0.586996	2.935020e+00	0.000000e+00	6.578935e-01	5.000000e+00	0.000000e+00	-1.758456e+00	1.025001e+02
589	0.587996	2.940020e+00	0.000000e+00	6.561301e-01	5.000000e+00	0.000000e+00	-1.768266e+00	1.025001e+02
590	0.588996	2.945020e+00	0.000000e+00	6.543570e-01	5.000000e+00	0.000000e+00	-1.778076e+00	1.025001e+02
591	0.589996	2.950020e+00	0.000000e+00	6.525740e-01	5.000000e+00	0.000000e+00	-1.787886e+00	1.025001e+02
592	0.590996	2.955020e+00	0.000000e+00	6.507812e-01	5.000000e+00	0.000000e+00	-1.797696e+00	1.025001e+02
593	0.591996	2.960020e+00	0.000000e+00	6.489786e-01	5.000000e+00	0.000000e+00	-1.807506e+00	1.025001e+02
594	0.592996	2.965020e+00	0.000000e+00	6.471662e-01	5.000000e+00	0.000000e+00	-1.817316e+00	1.025001e+02
595	0.593996	2.970021e+00	0.000000e+00	6.453440e-01	5.000000e+00	0.000000e+00	-1.827126e+00	1.025001e+02
596	0.594996	2.975021e+00	0.000000e+00	6.435120e-01	5.000000e+00	0.000000e+00	-1.836936e+00	1.025001e+02
597	0.595996	2.980021e+00	0.000000e+00	6.416701e-01	5.000000e+00	0.000000e+00	-1.846746e+00	1.025001e+02
598	0.596996	2.985021e+00	0.000000e+00	6.398184e-01	5.000000e+00	0.000000e+00	-1.856556e+00	1.025001e+02
599	0.597996	2.990021e+00	0.000000e+00	6.379570e-01	5.000000e+00	0.000000e+00	-1.866366e+00	1.025001e+02
600	0.598996	2.995021e+00	0.000000e+00	6.360857e-01	5.000000e+00	0.000000e+00	-1.876176e+00	1.025001e+02
601	0.599996	3.000021e+00	0.000000e+00	6.342046e-01	5.000000e+00	0.000000e+00	-1.885986e+00	1.025001e+02
602	0.600996	3.005021e+00	0.000000e+00	6.323137e-01	5.000000e+00	0.000000e+00	-1.895796e+00	1.025001e+02
603	0.601996	3.010021e+00	0.000000e+00	6.304131e-01	5.000000e+00	0.000000e+00	-1.905606e+00	1.025001e+02
604	0.602996	3.015022e+00	0.000000e+00	6.285025e-01	5.000000e+00	0.000000e+00	-1.915416e+00	1.025001e+02
605	0.603996	3.020022e+00	0.000000e+00	6.265822e-01	5.000000e+00	0.000000e+00	-1.925225e+00	1.025001e+02
606	0.604996	3.025022e+00	0.000000e+00	6.246521e-01	5.000000e+00	0.000000e+00	-1.935035e+00	1.025001e+02
607	0.605996	3.030022e+00	0.000000e+00	6.227121e-01	5.000000e+00	0.000000e+00	-1.944845e+00	1.025001e+02
608	0.606996	3.035022e+00	0.000000e+00	6.207624e-01	5.000000e+00	0.000000e+00	-1.954655e+00	1.025001e+02
609	0.607996	3.040022e+00	0.000000e+00	6.188028e-01	5.000000e+00	0.000000e+00	-1.964465e+00	1.025001e+02
610	0.608996	3.045022e+00	0.000000e+00	6.168334e-01	5.000000e+00	0.000000e+00	-1.974275e+00	1.025001e+02
611	0.609996	3.050022e+00	0.000000e+00	6.148543e-01	5.000000e+00	0.000000e+00	-1.984085e+00	1.025001e+02
612	0.610996	3.055022e+00	0.000000e+00	6.128653e-01	5.000000e+00	0.000000e+00	-1.993895e+00	1.025001e+02
613	0.611996	3.060023e+00	0.000000e+00	6.108665e-01	5.000000e+00	0.000000e+00	-2.003705e+00	1.025001e+02
614	0.612996	3.065023e+00	0.000000e+00	6.088579e-01	5.000000e+00	0.000000e+00	-2.013515e+00	1.025001e+02
615	0.613996	3.070023e+00	0.000000e+00	6.068395e-01	5.000000e+00	0.000000e+00	-2.023325e+00	1.025001e+02
616	0.614996	3.075023e+00	0.000000e+00	6.048113e-01	5.000000e+00	0.000000e+00	-2.033135e+00	1.025001e+02
617	0.615996	3.080023e+00	0.000000e+00	6.027732e-01	5.000000e+00	0.000000e+00	-2.042945e+00	1.025001e+02
618	0.616996	3.085023e+00	0.000000e+00	6.007254e-01	5.000000e+00	0.000000e+00	-2.052755e+00	1.025001e+02
619	0.617996	3.090023e+00	0.000000e+00	5.986677e-01	5.000000e+00	0.000000e+00	-2.062565e+00	1.025001e+02
620	0.618996	3.095023e+00	0.000000e+00	5.966002e-01	5.000000e+00	0.000000e+00	-2.072375e+00	1.025001e+02
621	0.619996	3.100024e+00	0.000000e+00	5.945230e-01	5.000000e+00	0.000000e+00	-2.082185e+00	1.025001e+02
622	0.620996	3.105024e+00	0.000000e+00	5.924358e-01	5.000000e+00	0.000000e+00	-2.091995e+00	1.025001e+02
623	0.621996	3.110024e+00	0.000000e+00	5.903389e-01	5.000000e+00	0.000000e+00	-2.101805e+00	1.025001e+02
624	0.622996	3.115024e+00	0.000000e+00	5.882322e-01	5.000000e+00	0.000000e+00	-2.111615e+00	1.025001e+02
625	0.623996	3.120024e+00	0.000000e+00	5.861157e-01	5.000000e+00	0.000000e+00	-2.121425e+00	1.025001e+02
626	0.624996	3.125024e+00	0.000000e+00	5.839894e-01	5.000000e+00	0.000000e+00	-2.131235e+00	1.025001e+02
627	0.625996	3.130024e+00	0.000000e+00	5.818533e-01	5.000000e+00	0.000000e+00	-2.141045e+00	1.025001e+02
628	0.626996	3.135024e+00	0.000000e+00	5.797073e-01	5.000000e+00	0.000000e+00	-2.150855e+00	1.025001e+02
629	0.627995	3.140024e+00	0.000000e+00	5.775515e-01	5.000000e+00	0.000000e+00	-2.160665e+00	1.025001e+02
630	0.628995	3.145025e+00	0.000000e+00	5.753860e-01	5.000000e+00	0.000000e+00	-2.170475e+00	1.025001e+02
631	0.629995	3.150025e+00	0.000000e+00	5.732106e-01	5.000000e+00	0.000000e+00	-2.180285e+00	1.025001e+02
632	0.630995	3.155025e+00	0.000000e+00	5.710254e-01	5.000000e+00	0.000000e+00	-2.190095e+00	1.025001e+02
633	0.631995	3.160025e+00	0.000000e+00	5.688304e-01	5.000000e+00	0.000000e+00	-2.199905e+00	1.025001e+02
634	0.632995	3.165025e+00	0.000000e+00	5.666256e-01	5.000000e+00	0.000000e+00	-2.209715e+00	1.025001e+02
635	0.633995	3.170025e+00	0.000000e+00	5.644110e-01	5.000000e+00	0.000000e+00	-2.219525e+00	1.025001e+02
636	0.634995	3.175025e+00	0.000000e+00	5.621865e-01	5.000000e+00	0.000000e+00	-2.229335e+00	1.025001e+02
637	0.635995	3.180025e+00	0.000000e+00	5.599523e-01	5.000000e+00	0.000000e+00	-2.239145e+00	1.025001e+02
638	0.636995	3.185025e+00	0.000000e+00	5.577083e-01	5.000000e+00	0.000000e+00	-2.248955e+00	1.025001e+02
639	0.637995	3.190026e+00	0.000000e+00	5.554544e-01	5.000000e+00	0.000000e+00	-2.258765e+00	1.025001e+02
640	0.638995	3.195026e+00	0.000000e+00	5.531908e-01	5.000000e+00	0.000000e+00	-2.268574e+00	1.025001e+02
641	0.639995	3.200026e+00	0.000000e+00	5.509173e-01	5.000000e+00	0.000000e+00	-2.278384e+00	1.025001e+02
642	0.640995	3.205026e+00	0.000000e+00	5.486340e-01	5.000000e+00	0.000000e+00	-2.288194e+00	1.025001e+02
643	0.641995	3.210026e+00	0.000000e+00	5.463409e-01	5.000000e+00	0.000000e+00	-2.298004e+00	1.025001e+02
644	0.642995	3.215026e+00	0.000000e+00	5.440380e-01	5.000000e+00	0.000000e+00	-2.307814e+00	1.025001e+02
645	0.643995	3.220026e+00	0.000000e+00	5.417253e-01	5.000000e+00	0.000000e+00	-2.317624e+00	1.025001e+02
646	0.644995	3.225026e+00	0.000000e+00	5.394027e-01	5.000000e+00	0.000000e+00	-2.327434e+00	1.025001e+02
647	0.645995	3.230026e+00	0.000000e+00	5.370704e-01	5.000000e+00	0.000000e+00	-2.337244e+00	1.025001e+02
648	0.646995	3.235027e+00	0.000000e+00	5.347282e-01	5.000000e+00	0.000000e+00	-2.347054e+00	1.025001e+02
649	0.647995	3.240027e+00	0.000000e+00	5.323763e-01	5.000000e+00	0.000000e+00	-2.356864e+00	1.025001e+02
650	0.648995	3.245027e+00	0.000000e+00	5.300145e-01	5.000000e+00	0.000000e+00	-2.366674e+00	1.025001e+02
651	0.649995	3.250027e+00	0.000000e+00	5.276430e-01	5.000000e+00	0.000000e+00	-2.376484e+00	1.025001e+02
652	0.650995	3.255027e+00	0.000000e+00	5.252616e-01	5.000000e+00	0.000000e+00	-2.386294e+00	1.025001e+02
653	0.651995	3.260027e+00	0.000000e+00	5.228704e-01	5.000000e+00	0.000000e+00	-2.396104e+00	1.025001e+02
654	0.652995	3.265027e+00	0.000000e+00	5.204694e-01	5.000000e+00	0.000000e+00	-2.405914e+00	1.025001e+02
655	0.653995	3.270027e+00	0.000000e+00	5.180585e-01	5.000000e+00	0.000000e+00	-2.415724e+00	1.025001e+02
656	0.654995	3.275028e+00	0.000000e+00	5.156379e-01	5.000000e+00	0.000000e+00	-2.425534e+00	1.025001e+02
657	0.655995	3.280028e+00	0.000000e+00	5.132075e-01	5.000000e+00	0.000000e+00	-2.435344e+00	1.025001e+02
658	0.656995	3.285028e+00	0.000000e+00	5.107672e-01	5.000000e+00	0.000000e+00	-2.445154e+00	1.025001e+02
659	0.657995	3.290028e+00	0.000000e+00	5.083172e-01	5.000000e+00	0.000000e+00	-2.454964e+00	1.025001e+02
660	0.658995	3.295028e+00	0.000000e+00	5.058573e-01	5.000000e+00	0.000000e+00	-2.464774e+00	1.025001e+02
661	0.659995	3.300028e+00	0.000000e+00	5.033876e-01	5.000000e+00	0.000000e+00	-2.474584e+00	1.025001e+02
662	0.660995	3.305028e+00	0.000000e+00	5.009081e-01	5.000000e+00	0.000000e+00	-2.484394e+00	1.025001e+02
663	0.661995	3.310028e+00	0.000000e+00	4.984188e-01	5.000000e+00	0.000000e+00	-2.494204e+00	1.025001e+02
664	0.662995	3.315028e+00	0.000000e+00	4.959197e-01	5.000000e+00	0.000000e+00	-2.504014e+00	1.025001e+02
665	0.663995	3.320029e+00	0.000000e+00	4.934108e-01	5.000000e+00	0.000000e+00	-2.513824e+00	1.025001e+02
666	0.664995	3.325029e+00	0.000000e+00	4.908921e-01	5.000000e+00	0.000000e+00	-2.523634e+00	1.025001e+02
667	0.665995	3.330029e+00	0.000000e+00	4.883635e-01	5.000000e+00	0.000000e+00	-2.533444e+00	1.025001e+02
668	0.666995	3.335029e+00	0.000000e+00	4.858252e-01	5.000000e+00	0.000000e+00	-2.543254e+00	1.025001e+02
669	0.667995	3.340029e+00	0.000000e+00	4.832770e-01	5.000000e+00	0.000000e+00	-2.553064e+00	1.025001e+02
670	0.668995	3.345029e+00	0.000000e+00	4.807191e-01	5.000000e+00	0.000000e+00	-2.562874e+00	1.025001e+02
671	0.669995	3.350029e+00	0.000000e+00	4.781513e-01	5.000000e+00	0.000000e+00	-2.572684e+00	1.025001e+02
672	0.670995	3.355029e+00	0.000000e+00	4.755737e-01	5.000000e+00	0.000000e+00	-2.582494e+00	1.025001e+02
673	0.671995	3.360029e+00	0.000000e+00	4.729863e-01	5.000000e+00	0.000000e+00	-2.592304e+00	1.025001e+02
674	0.672995	3.365030e+00	0.000000e+00	4.703891e-01	5.000000e+00	0.000000e+00	-2.602113e+00	1.025001e+02
675	0.673995	3.370030e+00	0.000000e+00	4.677821e-01	5.000000e+00	0.000000e+00	-2.611923e+00	1.025001e+02
676	0.674995	3.375030e+00	0.000000e+00	4.651652e-01	5.000000e+00	0.000000e+00	-2.621733e+00	1.025001e+02
677	0.675995	3.380030e+00	0.000000e+00	4.625386e-01	5.000000e+00	0.000000e+00	-2.631543e+00	1.025001e+02
678	0.676995	3.385030e+00	0.000000e+00	4.599021e-01	5.000000e+00	0.000000e+00	-2.641353e+00	1.025001e+02
679	0.677995	3.390030e+00	0.000000e+00	4.572559e-01	5.000000e+00	0.000000e+00	-2.651163e+00	1.025001e+02
680	0.678995	3.395030e+00	0.000000e+00	4.545998e-01	5.000000e+00	0.000000e+00	-2.660973e+00	1.025001e+02
681	0.679995	3.400030e+00	0.000000e+00	4.519339e-01	5.000000e+00	0.000000e+00	-2.670783e+00	1.025001e+02
682	0.680995	3.405030e+00	0.000000e+00	4.492582e-01	5.000000e+00	0.000000e+00	-2.680593e+00	1.025001e+02
683	0.681995	3.410031e+00	0.000000e+00	4.465728e-01	5.000000e+00	0.000000e+00	-2.690403e+00	1.025001e+02
684	0.682995	3.415031e+00	0.000000e+00	4.438774e-01	5.000000e+00	0.000000e+00	-2.700213e+00	1.025001e+02
685	0.683995	3.420031e+00	0.000000e+00	4.411723e-01	5.000000e+00	0.000000e+00	-2.710023e+00	1.025001e+02
686	0.684995	3.425031e+00	0.000000e+00	4.384574e-01	5.000000e+00	0.000000e+00	-2.719833e+00	1.025001e+02
687	0.685995	3.430031e+00	0.000000e+00	4.357326e-01	5.000000e+00	0.000000e+00	-2.729643e+00	1.025001e+02
688	0.686995	3.435031e+00	0.000000e+00	4.329981e-01	5.000000e+00	0.000000e+00	-2.739453e+00	1.025001e+02
689	0.687995	3.440031e+00	0.000000e+00	4.302537e-01	5.000000e+00	0.000000e+00	-2.749263e+00	1.025001e+02
690	0.688995	3.445031e+00	0.000000e+00	4.274996e-01	5.000000e+00	0.000000e+00	-2.759073e+00	1.025001e+02
691	0.689995	3.450032e+00	0.000000e+00	4.247356e-01	5.000000e+00	0.000000e+00	-2.768883e+00	1.025001e+02
692	0.690995	3.455032e+00	0.000000e+00	4.219618e-01	5.000000e+00	0.000000e+00	-2.778693e+00	1.025001e+02
693	0.691995	3.460032e+00	0.000000e+00	4.191782e-01	5.000000e+00	0.000000e+00	-2.788503e+00	1.025001e+02
694	0.692995	3.465032e+00	0.000000e+00	4.163848e-01	5.000000e+00	0.000000e+00	-2.798313e+00	1.025001e+02
695	0.693995	3.470032e+00	0.000000e+00	4.135816e-01	5.000000e+00	0.000000e+00	-2.808123e+00	1.025001e+02
696	0.694995	3.475032e+00	0.000000e+00	4.107685e-01	5.000000e+00	0.000000e+00	-2.817933e+00	1.025001e+02
697	0.695995	3.480032e+00	0.000000e+00	4.079457e-01	5.000000e+00	0.000000e+00	-2.827743e+00	1.025001e+02
698	0.696995	3.485032e+00	0.000000e+00	4.051130e-01	5.000000e+00	0.000000e+00	-2.837553e+00	1.025001e+02
699	0.697995	3.490032e+00	0.000000e+00	4.022706e-01	5.000000e+00	0.000000e+00	-2.847363e+00	1.025001e+02
700	0.698995	3.495033e+00	0.000000e+00	3.994183e-01	5.000000e+00	0.000000e+00	-2.857173e+00	1.025001e+02
701	0.699995	3.500033e+00	0.000000e+00	3.965563e-01	5.000000e+00	0.000000e+00	-2.866983e+00	1.025001e+02
702	0.700995	3.505033e+00	0.000000e+00	3.936844e-01	5.000000e+00	0.000000e+00	-2.876793e+00	1.025001e+02
703	0.701995	3.510033e+00	0.000000e+00	3.908027e-01	5.000000e+00	0.000000e+00	-2.886603e+00	1.025001e+02
704	0.702995	3.515033e+00	0.000000e+00	3.879111e-01	5.000000e+00	0.000000e+00	-2.896413e+00	1.025001e+02
705	0.703995	3.520033e+00	0.000000e+00	3.850098e-01	5.000000e+00	0.000000e+00	-2.906223e+00	1.025001e+02
706	0.704994	3.525033e+00	0.000000e+00	3.820987e-01	5.000000e+00	0.000000e+00	-2.916033e+00	1.025001e+02
707	0.705994	3.530033e+00	0.000000e+00	3.791778e-01	5.000000e+00	0.000000e+00	-2.925843e+00	1.025001e+02
708	0.706994	3.535033e+00	0.000000e+00	3.762470e-01	5.000000e+00	0.000000e+00	-2.935652e+00	1.025001e+02
709	0.707994	3.540034e+00	0.000000e+00	3.733065e-01	5.000000e+00	0.000000e+00	-2.945462e+00	1.025001e+02
710	0.708994	3.545034e+00	0.000000e+00	3.703561e-01	5.000000e+00	0.000000e+00	-2.955272e+00	1.025001e+02
711	0.709994	3.550034e+00	0.000000e+00	3.673959e-01	5.000000e+00	0.000000e+00	-2.965082e+00	1.025001e+02
712	0.710994	3.555034e+00	0.000000e+00	3.644259e-01	5.000000e+00	0.000000e+00	-2.974892e+00	1.025000e+02
713	0.711994	3.560034e+00	0.000000e+00	3.614461e-01	5.000000e+00	0.000000e+00	-2.984702e+00	1.025001e+02
714	0.712994	3.565034e+00	0.000000e+00	3.584565e-01	5.000000e+00	0.000000e+00	-2.994512e+00	1.025000e+02
715	0.713994	3.570034e+00	0.000000e+00	3.554571e-01	5.000000e+00	0.000000e+00	-3.004322e+00	1.025001e+02
716	0.714994	3.575034e+00	0.000000e+00	3.524479e-01	5.000000e+00	0.000000e+00	-3.014132e+00	1.025000e+02
717	0.715994	3.580034e+00	0.000000e+00	3.494288e-01	5.000000e+00	0.000000e+00	-3.023942e+00	1.025000e+02
718	0.716994	3.585035e+00	0.000000e+00	3.464000e-01	5.000000e+00	0.000000e+00	-3.033752e+00	1.025000e+02
719	0.717994	3.590035e+00	0.000000e+00	3.433613e-01	5.000000e+00	0.000000e+00	-3.043562e+00	1.025001e+02
720	0.718994	3.595035e+00	0.000000e+00	3.403129e-01	5.000000e+00	0.000000e+00	-3.053372e+00	1.025001e+02
721	0.719994	3.600035e+00	0.000000e+00	3.372546e-01	5.000000e+00	0.000000e+00	-3.063182e+00	1.025000e+02
722	0.720994	3.605035e+00	0.000000e+00	3.341865e-01	5.000000e+00	0.000000e+00	-3.072992e+00	1.025000e+02
723	0.721994	3.610035e+00	0.000000e+00	3.311086e-01	5.000000e+00	0.000000e+00	-3.082802e+00	1.025000e+02
724	0.722994	3.615035e+00	0.000000e+00	3.280209e-01	5.000000e+00	0.000000e+00	-3.092612e+00	1.025000e+02
725	0.723994	3.620035e+00	0.000000e+00	3.249234e-01	5.000000e+00	0.000000e+00	-3.102422e+00	1.025001e+02
726	0.724994	3.625036e+00	0.000000e+00	3.218161e-01	5.000000e+00	0.000000e+00	-3.112232e+00	1.025001e+02
727	0.725994	3.630036e+00	0.000000e+00	3.186989e-01	5.000000e+00	0.000000e+00	-3.122042e+00	1.025000e+02
728	0.726994	3.635036e+00	0.000000e+00	3.155720e-01	5.000000e+00	0.000000e+00	-3.131852e+00	1.025000e+02
729	0.727994	3.640036e+00	0.000000e+00	3.124352e-01	5.000000e+00	0.000000e+00	-3.141662e+00	1.025000e+02
730	0.728994	3.645036e+00	0.000000e+00	3.092887e-01	5.000000e+00	0.000000e+00	-3.151472e+00	1.025000e+02
731	0.729994	3.650036e+00	0.000000e+00	3.061323e-01	5.000000e+00	0.000000e+00	-3.161282e+00	1.025000e+02
732	0.730994	3.655036e+00	0.000000e+00	3.029661e-01	5.000000e+00	0.000000e+00	-3.171092e+00	1.025000e+02
733	0.731994	3.660036e+00	0.000000e+00	2.997901e-01	5.000000e+00	0.000000e+00	-3.180902e+00	1.025000e+02
734	0.732994	3.665036e+00	0.000000e+00	2.966043e-01	5.000000e+00	0.000000e+00	-3.190712e+00	1.025000e+02
735	0.733994	3.670037e+00	0.000000e+00	2.934087e-01	5.000000e+00	0.000000e+00	-3.200522e+00	1.025000e+02
736	0.734994	3.675037e+00	0.000000e+00	2.902032e-01	5.000000e+00	0.000000e+00	-3.210332e+00	1.025000e+02
737	0.735994	3.680037e+00	0.000000e+00	2.869880e-01	5.000000e+00	0.000000e+00	-3.220142e+00	1.025000e+02
738	0.736994	3.685037e+00	0.000000e+00	2.837630e-01	5.000000e+00	0.000000e+00	-3.229952e+00	1.025000e+02
739	0.737994	3.690037e+00	0.000000e+00	2.805281e-01	5.000000e+00	0.000000e+00	-3.239762e+00	1.025000e+02
740	0.738994	3.695037e+00	0.000000e+00	2.772834e-01	5.000000e+00	0.000000e+00	-3.249572e+00	1.025000e+02
741	0.739994	3.700037e+00	0.000000e+00	2.740290e-01	5.000000e+00	0.000000e+00	-3.259382e+00	1.025000e+02
742	0.740994	3.705037e+00	0.000000e+00	2.707647e-01	5.000000e+00	0.000000e+00	-3.269192e+00	1.025000e+02
743	0.741994	3.710037e+00	0.000000e+00	2.674906e-01	5.000000e+00	0.000000e+00	-3.279001e+00	1.025000e+02
744	0.742994	3.715038e+00	0.000000e+00	2.642067e-01	5.000000e+00	0.000000e+00	-3.288811e+00	1.025000e+02
745	0.743994	3.720038e+00	0.000000e+00	2.609130e-01	5.000000e+00	0.000000e+00	-3.298621e+00	1.025000e+02
746	0.744994	3.725038e+00	0.000000e+00	2.576094e-01	5.000000e+00	0.000000e+00	-3.308431e+00	1.025000e+02
747	0.745994	3.730038e+00	0.000000e+00	2.542961e-01	5.000000e+00	0.000000e+00	-3.318241e+00	1.025000e+02
748	0.746994	3.735038e+00	0.000000e+00	2.509730e-01	5.000000e+00	0.000000e+00	-3.328051e+00	1.025000e+02
749	0.747994	3.740038e+00	0.000000e+00	2.476400e-01	5.000000e+00	0.000000e+00	-3.337861e+00	1.025000e+02
750	0.748994	3.745038e+00	0.000000e+00	2.442972e-01	5.000000e+00	0.000000e+00	-3.347671e+00	1.025000e+02
751	0.749994	3.750038e+00	0.000000e+00	2.409447e-01	5.000000e+00	0.000000e+00	-3.357481e+00	1.025000e+02
752	0.750994	3.755038e+00	0.000000e+00	2.375823e-01	5.000000e+00	0.000000e+00	-3.367291e+00	1.025000e+02
753	0.751994	3.760039e+00	0.000000e+00	2.342101e-01	5.000000e+00	0.000000e+00	-3.377101e+00	1.025000e+02
754	0.752994	3.765039e+00	0.000000e+00	2.308281e-01	5.000000e+00	0.000000e+00	-3.386911e+00	1.025000e+02
755	0.753994	3.770039e+00	0.000000e+00	2.274362e-01	5.000000e+00	0.000000e+00	-3.396721e+00	1.025000e+02
756	0.754994	3.775039e+00	0.000000e+00	2.240346e-01	5.000000e+00	0.000000e+00	-3.406531e+00	1.025000e+02
757	0.755994	3.780039e+00	0.000000e+00	2.206232e-01	5.000000e+00	0.000000e+00	-3.416341e+00	1.025000e+02
758	0.756994	3.785039e+00	0.000000e+00	2.172019e-01	5.000000e+00	0.000000e+00	-3.426151e+00	1.025000e+02
759	0.757994	3.790039e+00	0.000000e+00	2.137709e-01	5.000000e+00	0.000000e+00	-3.435961e+00	1.025000e+02
760	0.758994	3.795039e+00	0.000000e+00	2.103300e-01	5.000000e+00	0.000000e+00	-3.445771e+00	1.025000e+02
761	0.759994	3.800040e+00	0.000000e+00	2.068793e-01	5.000000e+00	0.000000e+00	-3.455581e+00	1.025000e+02
762	0.760994	3.805040e+00	0.000000e+00	2.034189e-01	5.000000e+00	0.000000e+00	-3.465391e+00	1.025000e+02
763	0.761994	3.810040e+00	0.000000e+00	1.999485e-01	5.000000e+00	0.000000e+00	-3.475201e+00	1.025000e+02
764	0.762994	3.815040e+00	0.000000e+00	1.964684e-01	5.000000e+00	0.000000e+00	-3.485011e+00	1.025000e+02
765	0.763994	3.820040e+00	0.000000e+00	1.929785e-01	5.000000e+00	0.000000e+00	-3.494821e+00	1.025000e+02
766	0.764994	3.825040e+00	0.000000e+00	1.894788e-01	5.000000e+00	0.000000e+00	-3.504631e+00	1.025000e+02
767	0.765994	3.830040e+00	0.000000e+00	1.859693e-01	5.000000e+00	0.000000e+00	-3.514441e+00	1.025000e+02
768	0.766994	3.835040e+00	0.000000e+00	1.824499e-01	5.000000e+00	0.000000e+00	-3.524251e+00	1.025000e+02
769	0.767994	3.840040e+00	0.000000e+00	1.789208e-01	5.000000e+00	0.000000e+00	-3.534061e+00	1.025000e+02
770	0.768994	3.845041e+00	0.000000e+00	1.753818e-01	5.000000e+00	0.000000e+00	-3.543871e+00	1.025000e+02
771	0.769994	3.850041e+00	0.000000e+00	1.718330e-01	5.000000e+00	0.000000e+00	-3.553681e+00	1.025000e+02
772	0.770994	3.855041e+00	0.000000e+00	1.682744e-01	5.000000e+00	0.000000e+00	-3.563491e+00	1.025000e+02
773	0.771994	3.860041e+00	0.000000e+00	1.647060e-01	5.000000e+00	0.000000e+00	-3.573301e+00	1.025000e+02
774	0.772994	3.865041e+00	0.000000e+00	1.611278e-01	5.000000e+00	0.000000e+00	-3.583111e+00	1.025000e+02
775	0.773994	3.870041e+00	0.000000e+00	1.575398e-01	5.000000e+00	0.000000e+00	-3.592921e+00	1.025000e+02
776	0.774994	3.875041e+00	0.000000e+00	1.539420e-01	5.000000e+00	0.000000e+00	-3.602731e+00	1.025000e+02
777	0.775994	3.880041e+00	0.000000e+00	1.503344e-01	5.000000e+00	0.000000e+00	-3.612540e+00	1.025000e+02
778	0.776994	3.885041e+00	0.000000e+00	1.467169e-01	5.000000e+00	0.000000e+00	-3.622350e+00	1.025000e+02
779	0.777994	3.890042e+00	0.000000e+00	1.430897e-01	5.000000e+00	0.000000e+00	-3.632160e+00	1.025000e+02
780	0.778994	3.895042e+00	0.000000e+00	1.394526e-01	5.000000e+00	0.000000e+00	-3.641970e+00	1.025000e+02
781	0.779994	3.900042e+00	0.000000e+00	1.358057e-01	5.000000e+00	0.000000e+00	-3.651780e+00	1.025000e+02
782	0.780994	3.905042e+00	0.000000e+00	1.321490e-01	5.000000e+00	0.000000e+00	-3.661590e+00	1.025000e+02
783	0.781994	3.910042e+00	0.000000e+00	1.284825e-01	5.000000e+00	0.000000e+00	-3.671400e+00	1.025000e+02
784	0.782993	3.915042e+00	0.000000e+00	1.248062e-01	5.000000e+00	0.000000e+00	-3.681210e+00	1.025000e+02
785	0.783993	3.920042e+00	0.000000e+00	1.211201e-01	5.000000e+00	0.000000e+00	-3.691020e+00	1.025000e+02
786	0.784993	3.925042e+00	0.000000e+00	1.174242e-01	5.000000e+00	0.000000e+00	-3.700830e+00	1.025000e+02
787	0.785993	3.930043e+00	0.000000e+00	1.137185e-01	5.000000e+00	0.000000e+00	-3.710640e+00	1.025000e+02
788	0.786993	3.935043e+00	0.000000e+00	1.100029e-01	5.000000e+00	0.000000e+00	-3.720450e+00	1.025000e+02
789	0.787993	3.940043e+00	0.000000e+00	1.062776e-01	5.000000e+00	0.000000e+00	-3.730260e+00	1.025000e+02
790	0.788993	3.945043e+00	0.000000e+00	1.025424e-01	5.000000e+00	0.000000e+00	-3.740070e+00	1.025000e+02
791	0.789993	3.950043e+00	0.000000e+00	9.879742e-02	5.000000e+00	0.000000e+00	-3.749880e+00	1.025000e+02
792	0.790993	3.955043e+00	0.000000e+00	9.504263e-02	5.000000e+00	0.000000e+00	-3.759690e+00	1.025000e+02
793	0.791993	3.960043e+00	0.000000e+00	9.127804e-02	5.000000e+00	0.000000e+00	-3.769500e+00	1.025000e+02
794	0.792993	3.965043e+00	0.000000e+00	8.750363e-02	5.000000e+00	0.000000e+00	-3.779310e+00	1.025000e+02
795	0.793993	3.970043e+00	0.000000e+00	8.371942e-02	5.000000e+00	0.000000e+00	-3.789120e+00	1.025000e+02
796	0.794993	3.975044e+00	0.000000e+00	7.992540e-02	5.000000e+00	0.000000e+00	-3.798930e+00	1.025000e+02
797	0.795993	3.980044e+00	0.000000e+00	7.612156e-02	5.000000e+00	0.000000e+00	-3.808740e+00	1.025000e+02
798	0.796993	3.985044e+00	0.000000e+00	7.230791e-02	5.000000e+00	0.000000e+00	-3.818550e+00	1.025000e+02
799	0.797993	3.990044e+00	0.000000e+00	6.848446e-02	5.000000e+00	0.000000e+00	-3.828360e+00	1.025000e+02
800	0.798993	3.995044e+00	0.000000e+00	6.465120e-02	5.000000e+00	0.000000e+00	-3.838170e+00	1.025000e+02
801	0.799993	4.000044e+00	0.000000e+00	6.080812e-02	5.000000e+00	0.000000e+00	-3.847980e+00	1.025000e+02
802	0.800993	4.005044e+00	0.000000e+00	5.695524e-02	5.000000e+00	0.000000e+00	-3.857790e+00	1.025000e+02
803	0.801993	4.010044e+00	0.000000e+00	5.309254e-02	5.000000e+00	0.000000e+00	-3.867600e+00	1.025000e+02
804	0.802993	4.015044e+00	0.000000e+00	4.922004e-02	5.000000e+00	0.000000e+00	-3.877410e+00	1.025000e+02
805	0.803993	4.020044e+00	0.000000e+00	4.533772e-02	5.000000e+00	0.000000e+00	-3.887220e+00	1.025000e+02
806	0.804993	4.025044e+00	0.000000e+00	4.144560e-02	5.000000e+00	0.000000e+00	-3.897030e+00	1.025000e+02
807	0.805993	4.030045e+00	0.000000e+00	3.754366e-02	5.000000e+00	0.000000e+00	-3.906840e+00	1.025000e+02
808	0.806993	4.035045e+00	0.000000e+00	3.363192e-02	5.000000e+00	0.000000e+00	-3.916650e+00	1.025000e+02
809	0.807993	4.040045e+00	0.000000e+00	2.971036e-02	5.000000e+00	0.000000e+00	-3.926460e+00	1.025000e+02
810	0.808993	4.045045e+00	0.000000e+00	2.577900e-02	5.000000e+00	0.000000e+00	-3.936270e+00	1.025000e+02
811	0.809993	4.050045e+00	0.000000e+00	2.183782e-02	5.000000e+00	0.000000e+00	-3.946079e+00	1.025000e+02
812	0.810993	4.055045e+00	0.000000e+00	1.788684e-02	5.000000e+00	0.000000e+00	-3.955889e+00	1.025000e+02
813	0.811993	4.060045e+00	0.000000e+00	1.392605e-02	5.000000e+00	0.000000e+00	-3.965699e+00	1.025000e+02
814	0.812993	4.065045e+00	0.000000e+00	9.955442e-03	5.000000e+00	0.000000e+00	-3.975509e+00	1.025000e+02
815	0.813993	4.070045e+00	0.000000e+00	5.975027e-03	5.000000e+00	0.000000e+00	-3.985319e+00	1.025000e+02
816	0.814993	4.075046e+00	0.000000e+00	1.984803e-03	5.000000e+00	0.000000e+00	-3.995129e+00	1.025000e+02
