#	t		x		y		vx		vy		Ec
1	0.000000	5.000000e-01	7.500000e-01	0.000000e+00	0.000000e+00	8.125000e-01
2	0.010000	4.999000e-01	7.498500e-01	-1.999736e-02	-2.999902e-02	8.125000e-01
3	0.020000	4.996001e-01	7.494000e-01	-3.998876e-02	-5.998313e-02	8.124999e-01
4	0.030000	4.991002e-01	7.486503e-01	-5.996376e-02	-8.994341e-02	8.124997e-01
5	0.040000	4.984008e-01	7.476012e-01	-7.991344e-02	-1.198679e-01	8.124995e-01
6	0.050000	4.975020e-01	7.462530e-01	-9.983033e-02	-1.497447e-01	8.124991e-01
7	0.060000	4.964042e-01	7.446063e-01	-1.197085e-01	-1.795620e-01	8.124987e-01
8	0.070000	4.951078e-01	7.426617e-01	-1.395389e-01	-2.093077e-01	8.124983e-01
9	0.080000	4.936134e-01	7.404201e-01	-1.593128e-01	-2.389699e-01	8.124979e-01
10	0.090000	4.919215e-01	7.378823e-01	-1.790226e-01	-2.685368e-01	8.124974e-01
11	0.100000	4.900329e-01	7.350494e-01	-1.986608e-01	-2.979964e-01	8.124968e-01
12	0.110000	4.879483e-01	7.319224e-01	-2.182201e-01	-3.273368e-01	8.124963e-01
13	0.120000	4.856685e-01	7.285026e-01	-2.376929e-01	-3.565460e-01	8.124958e-01
14	0.130000	4.831945e-01	7.247915e-01	-2.570704e-01	-3.856122e-01	8.124951e-01
15	0.140000	4.805271e-01	7.207904e-01	-2.763450e-01	-4.145235e-01	8.124942e-01
16	0.150000	4.776676e-01	7.165010e-01	-2.955094e-01	-4.432678e-01	8.124930e-01
17	0.160000	4.746169e-01	7.119250e-01	-3.145546e-01	-4.718363e-01	8.124920e-01
18	0.170000	4.713765e-01	7.070643e-01	-3.334746e-01	-5.002171e-01	8.124913e-01
19	0.180000	4.679475e-01	7.019207e-01	-3.522620e-01	-5.283982e-01	8.124908e-01
20	0.190000	4.643312e-01	6.964963e-01	-3.709078e-01	-5.563676e-01	8.124900e-01
21	0.200000	4.605293e-01	6.907933e-01	-3.894046e-01	-5.841136e-01	8.124888e-01
22	0.210000	4.565431e-01	6.848140e-01	-4.077464e-01	-6.116271e-01	8.124881e-01
23	0.220000	4.523744e-01	6.785608e-01	-4.259259e-01	-6.388962e-01	8.124877e-01
24	0.230000	4.480246e-01	6.720361e-01	-4.439339e-01	-6.659091e-01	8.124866e-01
25	0.240000	4.434957e-01	6.652426e-01	-4.617631e-01	-6.926537e-01	8.124847e-01
26	0.250000	4.387894e-01	6.581830e-01	-4.794076e-01	-7.191211e-01	8.124827e-01
27	0.260000	4.339075e-01	6.508602e-01	-4.968613e-01	-7.453024e-01	8.124815e-01
28	0.270000	4.288521e-01	6.432770e-01	-5.141169e-01	-7.711858e-01	8.124803e-01
29	0.280000	4.236252e-01	6.354365e-01	-5.311668e-01	-7.967591e-01	8.124787e-01
30	0.290000	4.182288e-01	6.273418e-01	-5.480036e-01	-8.220136e-01	8.124767e-01
31	0.300000	4.126651e-01	6.189962e-01	-5.646214e-01	-8.469403e-01	8.124751e-01
32	0.310000	4.069364e-01	6.104030e-01	-5.810142e-01	-8.715272e-01	8.124733e-01
33	0.320000	4.010448e-01	6.015657e-01	-5.971745e-01	-8.957654e-01	8.124714e-01
34	0.330000	3.949929e-01	5.924877e-01	-6.130964e-01	-9.196460e-01	8.124701e-01
35	0.340000	3.887829e-01	5.831727e-01	-6.287724e-01	-9.431601e-01	8.124690e-01
36	0.350000	3.824174e-01	5.736245e-01	-6.441966e-01	-9.662986e-01	8.124687e-01
37	0.360000	3.758990e-01	5.638468e-01	-6.593630e-01	-9.890497e-01	8.124679e-01
38	0.370000	3.692302e-01	5.538435e-01	-6.742656e-01	-1.011404e+00	8.124667e-01
39	0.380000	3.624137e-01	5.436187e-01	-6.888986e-01	-1.033354e+00	8.124653e-01
40	0.390000	3.554522e-01	5.331764e-01	-7.032558e-01	-1.054889e+00	8.124632e-01
41	0.400000	3.483486e-01	5.225209e-01	-7.173315e-01	-1.076004e+00	8.124621e-01
42	0.410000	3.411056e-01	5.116563e-01	-7.311195e-01	-1.096690e+00	8.124613e-01
43	0.420000	3.337262e-01	5.005871e-01	-7.446155e-01	-1.116936e+00	8.124602e-01
44	0.430000	3.262133e-01	4.893176e-01	-7.578135e-01	-1.136735e+00	8.124588e-01
45	0.440000	3.185699e-01	4.778524e-01	-7.707089e-01	-1.156080e+00	8.124579e-01
46	0.450000	3.107991e-01	4.661960e-01	-7.832959e-01	-1.174961e+00	8.124563e-01
47	0.460000	3.029040e-01	4.543532e-01	-7.955700e-01	-1.193371e+00	8.124543e-01
48	0.470000	2.948877e-01	4.423286e-01	-8.075267e-01	-1.211305e+00	8.124532e-01
49	0.480000	2.867534e-01	4.301271e-01	-8.191600e-01	-1.228754e+00	8.124520e-01
50	0.490000	2.785045e-01	4.177535e-01	-8.304656e-01	-1.245712e+00	8.124505e-01
51	0.500000	2.701441e-01	4.052128e-01	-8.414388e-01	-1.262172e+00	8.124495e-01
52	0.510000	2.616757e-01	3.925101e-01	-8.520752e-01	-1.278126e+00	8.124481e-01
53	0.520000	2.531026e-01	3.796503e-01	-8.623704e-01	-1.293570e+00	8.124467e-01
54	0.530000	2.444283e-01	3.666387e-01	-8.723207e-01	-1.308496e+00	8.124456e-01
55	0.540000	2.356562e-01	3.534804e-01	-8.819222e-01	-1.322898e+00	8.124440e-01
56	0.550000	2.267899e-01	3.401807e-01	-8.911714e-01	-1.336771e+00	8.124425e-01
57	0.560000	2.178328e-01	3.267450e-01	-9.000637e-01	-1.350109e+00	8.124409e-01
58	0.570000	2.087886e-01	3.131785e-01	-9.085961e-01	-1.362906e+00	8.124387e-01
59	0.580000	1.996609e-01	2.994868e-01	-9.167656e-01	-1.375160e+00	8.124376e-01
60	0.590000	1.904533e-01	2.856753e-01	-9.245679e-01	-1.386863e+00	8.124365e-01
61	0.600000	1.811695e-01	2.717496e-01	-9.319999e-01	-1.398011e+00	8.124346e-01
62	0.610000	1.718133e-01	2.577151e-01	-9.390593e-01	-1.408599e+00	8.124330e-01
63	0.620000	1.623883e-01	2.435776e-01	-9.457432e-01	-1.418625e+00	8.124317e-01
64	0.630000	1.528984e-01	2.293426e-01	-9.520486e-01	-1.428083e+00	8.124301e-01
65	0.640000	1.433474e-01	2.150159e-01	-9.579733e-01	-1.436970e+00	8.124290e-01
66	0.650000	1.337389e-01	2.006032e-01	-9.635150e-01	-1.445282e+00	8.124283e-01
67	0.660000	1.240771e-01	1.861103e-01	-9.686713e-01	-1.453017e+00	8.124276e-01
68	0.670000	1.143655e-01	1.715429e-01	-9.734400e-01	-1.460170e+00	8.124269e-01
69	0.680000	1.046083e-01	1.569069e-01	-9.778194e-01	-1.466739e+00	8.124263e-01
70	0.690000	9.480914e-02	1.422081e-01	-9.818077e-01	-1.472721e+00	8.124256e-01
71	0.700000	8.497210e-02	1.274525e-01	-9.854034e-01	-1.478114e+00	8.124248e-01
72	0.710000	7.510107e-02	1.126458e-01	-9.886049e-01	-1.482917e+00	8.124247e-01
73	0.720000	6.520000e-02	9.779415e-02	-9.914110e-01	-1.487126e+00	8.124242e-01
74	0.730000	5.527285e-02	8.290333e-02	-9.938205e-01	-1.490739e+00	8.124238e-01
75	0.740000	4.532359e-02	6.797936e-02	-9.958325e-01	-1.493757e+00	8.124235e-01
76	0.750000	3.535620e-02	5.302819e-02	-9.974462e-01	-1.496177e+00	8.124233e-01
77	0.760000	2.537467e-02	3.805581e-02	-9.986609e-01	-1.497999e+00	8.124231e-01
78	0.770000	1.538298e-02	2.306822e-02	-9.994760e-01	-1.499221e+00	8.124231e-01
79	0.780000	5.385148e-03	8.071389e-03	-9.998914e-01	-1.499844e+00	8.124229e-01
80	0.790000	-4.614842e-03	-6.928666e-03	-9.999068e-01	-1.499867e+00	8.124229e-01
81	0.800000	-1.461299e-02	-2.192595e-02	-9.995222e-01	-1.499290e+00	8.124229e-01
82	0.810000	-2.460529e-02	-3.691446e-02	-9.987377e-01	-1.498113e+00	8.124229e-01
83	0.820000	-3.458774e-02	-5.188821e-02	-9.975538e-01	-1.496337e+00	8.124230e-01
84	0.830000	-4.455636e-02	-6.684119e-02	-9.959709e-01	-1.493962e+00	8.124230e-01
85	0.839999	-5.450716e-02	-8.176744e-02	-9.939896e-01	-1.490989e+00	8.124231e-01
86	0.849999	-6.443615e-02	-9.666098e-02	-9.916108e-01	-1.487421e+00	8.124236e-01
87	0.859999	-7.433937e-02	-1.115159e-01	-9.888355e-01	-1.483258e+00	8.124243e-01
88	0.869999	-8.421286e-02	-1.263261e-01	-9.856645e-01	-1.478501e+00	8.124251e-01
89	0.879999	-9.405266e-02	-1.410859e-01	-9.820994e-01	-1.473153e+00	8.124262e-01
90	0.889999	-1.038548e-01	-1.557892e-01	-9.781413e-01	-1.467216e+00	8.124269e-01
91	0.899999	-1.136155e-01	-1.704302e-01	-9.737917e-01	-1.460692e+00	8.124275e-01
92	0.909999	-1.233307e-01	-1.850030e-01	-9.690527e-01	-1.453583e+00	8.124282e-01
93	0.919999	-1.329965e-01	-1.995019e-01	-9.639263e-01	-1.445893e+00	8.124294e-01
94	0.929999	-1.426092e-01	-2.139209e-01	-9.584144e-01	-1.437625e+00	8.124307e-01
95	0.939999	-1.521648e-01	-2.282544e-01	-9.525188e-01	-1.428782e+00	8.124318e-01
96	0.949999	-1.616596e-01	-2.424965e-01	-9.462416e-01	-1.419368e+00	8.124329e-01
97	0.959999	-1.710897e-01	-2.566417e-01	-9.395860e-01	-1.409384e+00	8.124329e-01
98	0.969999	-1.804513e-01	-2.706842e-01	-9.325549e-01	-1.398836e+00	8.124329e-01
99	0.979999	-1.897408e-01	-2.846184e-01	-9.251513e-01	-1.387730e+00	8.124343e-01
100	0.989999	-1.989543e-01	-2.984388e-01	-9.173774e-01	-1.376069e+00	8.124350e-01
101	0.999999	-2.080883e-01	-3.121398e-01	-9.092361e-01	-1.363857e+00	8.124362e-01
102	1.009999	-2.171391e-01	-3.257160e-01	-9.007313e-01	-1.351100e+00	8.124374e-01
103	1.019999	-2.261029e-01	-3.391618e-01	-8.918666e-01	-1.337802e+00	8.124385e-01
104	1.029999	-2.349764e-01	-3.524720e-01	-8.826450e-01	-1.323970e+00	8.124399e-01
105	1.039999	-2.437558e-01	-3.656412e-01	-8.730695e-01	-1.309606e+00	8.124402e-01
106	1.049999	-2.524378e-01	-3.786641e-01	-8.631461e-01	-1.294720e+00	8.124417e-01
107	1.059999	-2.610188e-01	-3.915356e-01	-8.528784e-01	-1.279317e+00	8.124442e-01
108	1.069999	-2.694953e-01	-4.042505e-01	-8.422688e-01	-1.263401e+00	8.124458e-01
109	1.079999	-2.778641e-01	-4.168036e-01	-8.313224e-01	-1.246980e+00	8.124477e-01
110	1.089999	-2.861218e-01	-4.291901e-01	-8.200437e-01	-1.230061e+00	8.124503e-01
111	1.099999	-2.942650e-01	-4.414048e-01	-8.084357e-01	-1.212651e+00	8.124526e-01
112	1.109999	-3.022905e-01	-4.534431e-01	-7.965043e-01	-1.194754e+00	8.124543e-01
113	1.119999	-3.101951e-01	-4.652999e-01	-7.842556e-01	-1.176380e+00	8.124565e-01
114	1.129999	-3.179756e-01	-4.769707e-01	-7.716924e-01	-1.157534e+00	8.124582e-01
115	1.139999	-3.256289e-01	-4.884506e-01	-7.588193e-01	-1.138225e+00	8.124590e-01
116	1.149999	-3.331520e-01	-4.997352e-01	-7.456437e-01	-1.118459e+00	8.124592e-01
117	1.159999	-3.405418e-01	-5.108198e-01	-7.321700e-01	-1.098245e+00	8.124596e-01
118	1.169999	-3.477954e-01	-5.217001e-01	-7.184029e-01	-1.077595e+00	8.124613e-01
119	1.179999	-3.549099e-01	-5.323717e-01	-7.043481e-01	-1.056513e+00	8.124623e-01
120	1.189999	-3.618824e-01	-5.428303e-01	-6.900117e-01	-1.035008e+00	8.124630e-01
121	1.199999	-3.687101e-01	-5.530719e-01	-6.753996e-01	-1.013088e+00	8.124637e-01
122	1.209999	-3.753904e-01	-5.630921e-01	-6.605178e-01	-9.907633e-01	8.124646e-01
123	1.219999	-3.819205e-01	-5.728871e-01	-6.453723e-01	-9.680420e-01	8.124655e-01
124	1.229999	-3.882978e-01	-5.824530e-01	-6.299675e-01	-9.449333e-01	8.124661e-01
125	1.239999	-3.945198e-01	-5.917858e-01	-6.143108e-01	-9.214491e-01	8.124678e-01
126	1.249999	-4.005840e-01	-6.008819e-01	-5.984083e-01	-8.975983e-01	8.124704e-01
127	1.259999	-4.064880e-01	-6.097378e-01	-5.822659e-01	-8.733869e-01	8.124721e-01
128	1.269999	-4.122293e-01	-6.183497e-01	-5.658910e-01	-8.488238e-01	8.124729e-01
129	1.279999	-4.178058e-01	-6.267142e-01	-5.492896e-01	-8.239210e-01	8.124736e-01
130	1.289999	-4.232151e-01	-6.348281e-01	-5.324692e-01	-7.986903e-01	8.124751e-01
131	1.299999	-4.284552e-01	-6.426880e-01	-5.154356e-01	-7.731408e-01	8.124769e-01
132	1.309999	-4.335238e-01	-6.502909e-01	-4.981950e-01	-7.472813e-01	8.124781e-01
133	1.319999	-4.384191e-01	-6.576337e-01	-4.807562e-01	-7.211238e-01	8.124799e-01
134	1.329999	-4.431390e-01	-6.647134e-01	-4.631251e-01	-6.946772e-01	8.124813e-01
135	1.339999	-4.476816e-01	-6.715272e-01	-4.453078e-01	-6.679505e-01	8.124818e-01
136	1.349999	-4.520451e-01	-6.780724e-01	-4.273131e-01	-6.409585e-01	8.124831e-01
137	1.359999	-4.562278e-01	-6.843464e-01	-4.091486e-01	-6.137103e-01	8.124845e-01
138	1.369999	-4.602281e-01	-6.903466e-01	-3.908202e-01	-5.862147e-01	8.124853e-01
139	1.379999	-4.640442e-01	-6.960707e-01	-3.723353e-01	-5.584866e-01	8.124866e-01
140	1.389999	-4.676748e-01	-7.015163e-01	-3.537014e-01	-5.305350e-01	8.124879e-01
141	1.399999	-4.711183e-01	-7.066814e-01	-3.349259e-01	-5.023718e-01	8.124892e-01
142	1.409999	-4.743733e-01	-7.115638e-01	-3.160164e-01	-4.740089e-01	8.124908e-01
143	1.419999	-4.774386e-01	-7.161615e-01	-2.969801e-01	-4.454553e-01	8.124919e-01
144	1.429999	-4.803129e-01	-7.204729e-01	-2.778247e-01	-4.167229e-01	8.124928e-01
145	1.439999	-4.829951e-01	-7.244960e-01	-2.585575e-01	-3.878236e-01	8.124935e-01
146	1.449999	-4.854841e-01	-7.282293e-01	-2.391875e-01	-3.587693e-01	8.124942e-01
147	1.459999	-4.877788e-01	-7.316714e-01	-2.197221e-01	-3.295720e-01	8.124951e-01
148	1.469999	-4.898785e-01	-7.348208e-01	-2.001688e-01	-3.002435e-01	8.124959e-01
149	1.479999	-4.917822e-01	-7.376763e-01	-1.805350e-01	-2.707958e-01	8.124968e-01
150	1.489999	-4.934892e-01	-7.402367e-01	-1.608297e-01	-2.412379e-01	8.124974e-01
151	1.499999	-4.949988e-01	-7.425010e-01	-1.410604e-01	-2.115816e-01	8.124978e-01
152	1.509999	-4.963104e-01	-7.444683e-01	-1.212344e-01	-1.818419e-01	8.124982e-01
153	1.519999	-4.974235e-01	-7.461379e-01	-1.013607e-01	-1.520306e-01	8.124986e-01
154	1.529999	-4.983376e-01	-7.475089e-01	-8.144528e-02	-1.221597e-01	8.124991e-01
155	1.539999	-4.990524e-01	-7.485811e-01	-6.149709e-02	-9.223819e-02	8.124993e-01
156	1.549999	-4.995676e-01	-7.493537e-01	-4.152507e-02	-6.227791e-02	8.124995e-01
157	1.559999	-4.998829e-01	-7.498266e-01	-2.153665e-02	-3.229380e-02	8.124996e-01
158	1.569999	-4.999983e-01	-7.499996e-01	-1.540780e-03	-2.297759e-03	8.124996e-01
159	1.579999	-4.999137e-01	-7.498726e-01	1.845658e-02	2.769828e-02	8.124996e-01
160	1.589999	-4.996292e-01	-7.494456e-01	3.844798e-02	5.768239e-02	8.124995e-01
161	1.599999	-4.991448e-01	-7.487189e-01	5.842298e-02	8.764565e-02	8.124993e-01
162	1.609999	-4.984607e-01	-7.476927e-01	7.837415e-02	1.175761e-01	8.124991e-01
163	1.619999	-4.975773e-01	-7.463674e-01	9.829402e-02	1.474589e-01	8.124989e-01
164	1.629999	-4.964948e-01	-7.447435e-01	1.181751e-01	1.772821e-01	8.124986e-01
165	1.639999	-4.952138e-01	-7.428218e-01	1.380101e-01	2.070338e-01	8.124983e-01
166	1.649999	-4.937346e-01	-7.406029e-01	1.577899e-01	2.367020e-01	8.124979e-01
167	1.659999	-4.920580e-01	-7.380877e-01	1.775056e-01	2.662748e-01	8.124971e-01
168	1.669999	-4.901845e-01	-7.352774e-01	1.971498e-01	2.957404e-01	8.124962e-01
169	1.679999	-4.881150e-01	-7.321729e-01	2.167150e-01	3.250897e-01	8.124955e-01
170	1.689999	-4.858502e-01	-7.287756e-01	2.361938e-01	3.543109e-01	8.124952e-01
171	1.699999	-4.833911e-01	-7.250867e-01	2.555788e-01	3.833890e-01	8.124946e-01
172	1.709999	-4.807386e-01	-7.211078e-01	2.748609e-01	4.123122e-01	8.124934e-01
173	1.719999	-4.778939e-01	-7.168404e-01	2.940327e-01	4.410714e-01	8.124926e-01
174	1.729999	-4.748580e-01	-7.122864e-01	3.130868e-01	4.696548e-01	8.124917e-01
175	1.739999	-4.716322e-01	-7.074474e-01	3.320158e-01	4.980505e-01	8.124908e-01
176	1.749999	-4.682177e-01	-7.023253e-01	3.508121e-01	5.262464e-01	8.124897e-01
177	1.759999	-4.646159e-01	-6.969224e-01	3.694683e-01	5.542308e-01	8.124885e-01
178	1.769999	-4.608283e-01	-6.912407e-01	3.879771e-01	5.819947e-01	8.124875e-01
179	1.779999	-4.568564e-01	-6.852825e-01	4.063308e-01	6.095260e-01	8.124865e-01
180	1.789999	-4.527017e-01	-6.790502e-01	4.245222e-01	6.368130e-01	8.124855e-01
181	1.799999	-4.483659e-01	-6.725463e-01	4.425436e-01	6.638438e-01	8.124838e-01
182	1.809999	-4.438508e-01	-6.657733e-01	4.603878e-01	6.906092e-01	8.124822e-01
183	1.819999	-4.391582e-01	-6.587341e-01	4.780471e-01	7.171005e-01	8.124810e-01
184	1.829999	-4.342899e-01	-6.514313e-01	4.955158e-01	7.433057e-01	8.124803e-01
185	1.839999	-4.292479e-01	-6.438680e-01	5.127862e-01	7.692128e-01	8.124792e-01
186	1.849999	-4.240341e-01	-6.360471e-01	5.298510e-01	7.948101e-01	8.124771e-01
187	1.859999	-4.186508e-01	-6.279718e-01	5.467042e-01	8.200884e-01	8.124747e-01
188	1.869999	-4.131001e-01	-6.196453e-01	5.633399e-01	8.450389e-01	8.124726e-01
189	1.879999	-4.073840e-01	-6.110710e-01	5.797505e-01	8.696526e-01	8.124712e-01
190	1.889999	-4.015051e-01	-6.022522e-01	5.959287e-01	8.939207e-01	8.124704e-01
191	1.899999	-3.954655e-01	-5.931926e-01	6.118685e-01	9.178311e-01	8.124696e-01
192	1.909999	-3.892677e-01	-5.838956e-01	6.275639e-01	9.413719e-01	8.124678e-01
193	1.919999	-3.829142e-01	-5.743651e-01	6.430075e-01	9.645343e-01	8.124648e-01
194	1.929999	-3.764075e-01	-5.646049e-01	6.581932e-01	9.873122e-01	8.124623e-01
195	1.939999	-3.697503e-01	-5.546189e-01	6.731167e-01	1.009697e+00	8.124608e-01
196	1.949998	-3.629452e-01	-5.444110e-01	6.877705e-01	1.031676e+00	8.124585e-01
197	1.959998	-3.559949e-01	-5.339854e-01	7.021487e-01	1.053244e+00	8.124566e-01
198	1.969998	-3.489022e-01	-5.233461e-01	7.162467e-01	1.074392e+00	8.124556e-01
199	1.979998	-3.416700e-01	-5.124975e-01	7.300586e-01	1.095107e+00	8.124534e-01
200	1.989998	-3.343011e-01	-5.014440e-01	7.435784e-01	1.115385e+00	8.124512e-01
201	1.999998	-3.267984e-01	-4.901899e-01	7.568002e-01	1.135217e+00	8.124492e-01
202	2.009999	-3.191651e-01	-4.787396e-01	7.697195e-01	1.154596e+00	8.124477e-01
203	2.019999	-3.114040e-01	-4.670979e-01	7.823318e-01	1.173513e+00	8.124467e-01
204	2.029999	-3.035184e-01	-4.552694e-01	7.946312e-01	1.191960e+00	8.124457e-01
205	2.039999	-2.955114e-01	-4.432587e-01	8.066118e-01	1.209931e+00	8.124442e-01
206	2.049999	-2.873862e-01	-4.310708e-01	8.182690e-01	1.227418e+00	8.124423e-01
207	2.059999	-2.791460e-01	-4.187104e-01	8.295998e-01	1.244414e+00	8.124413e-01
208	2.069999	-2.707942e-01	-4.061825e-01	8.405998e-01	1.260912e+00	8.124408e-01
209	2.079998	-2.623340e-01	-3.934921e-01	8.512631e-01	1.276906e+00	8.124396e-01
210	2.089998	-2.537689e-01	-3.806444e-01	8.615851e-01	1.292388e+00	8.124379e-01
211	2.099998	-2.451023e-01	-3.676444e-01	8.715622e-01	1.307353e+00	8.124359e-01
212	2.109998	-2.363377e-01	-3.544973e-01	8.811906e-01	1.321796e+00	8.124340e-01
213	2.119998	-2.274785e-01	-3.412085e-01	8.904666e-01	1.335710e+00	8.124328e-01
214	2.129998	-2.185283e-01	-3.277831e-01	8.993864e-01	1.349090e+00	8.124313e-01
215	2.139998	-2.094908e-01	-3.142267e-01	9.079464e-01	1.361929e+00	8.124291e-01
216	2.149998	-2.003694e-01	-3.005445e-01	9.161435e-01	1.374224e+00	8.124275e-01
217	2.159998	-1.911679e-01	-2.867422e-01	9.239748e-01	1.385970e+00	8.124272e-01
218	2.169998	-1.818899e-01	-2.728251e-01	9.314366e-01	1.397163e+00	8.124269e-01
219	2.179998	-1.725392e-01	-2.587989e-01	9.385258e-01	1.407795e+00	8.124263e-01
220	2.189998	-1.631194e-01	-2.446692e-01	9.452395e-01	1.417865e+00	8.124256e-01
221	2.199998	-1.536344e-01	-2.304416e-01	9.515747e-01	1.427367e+00	8.124249e-01
222	2.209998	-1.440879e-01	-2.161219e-01	9.575292e-01	1.436298e+00	8.124238e-01
223	2.219998	-1.344838e-01	-2.017157e-01	9.631008e-01	1.444655e+00	8.124229e-01
224	2.229998	-1.248259e-01	-1.872288e-01	9.682872e-01	1.452434e+00	8.124223e-01
225	2.239998	-1.151181e-01	-1.726670e-01	9.730861e-01	1.459632e+00	8.124217e-01
226	2.249998	-1.053642e-01	-1.580361e-01	9.774957e-01	1.466246e+00	8.124208e-01
227	2.259998	-9.556814e-02	-1.433421e-01	9.815146e-01	1.472273e+00	8.124202e-01
228	2.269998	-8.573388e-02	-1.285907e-01	9.851407e-01	1.477712e+00	8.124199e-01
229	2.279998	-7.586533e-02	-1.137878e-01	9.883728e-01	1.482560e+00	8.124196e-01
230	2.289998	-6.596643e-02	-9.893946e-02	9.912094e-01	1.486815e+00	8.124193e-01
231	2.299998	-5.604114e-02	-8.405152e-02	9.936495e-01	1.490475e+00	8.124187e-01
232	2.309998	-4.609344e-02	-6.912997e-02	9.956921e-01	1.493538e+00	8.124182e-01
233	2.319998	-3.612730e-02	-5.418076e-02	9.973364e-01	1.496004e+00	8.124180e-01
234	2.329998	-2.614671e-02	-3.920988e-02	9.985819e-01	1.497872e+00	8.124178e-01
235	2.339998	-1.615566e-02	-2.422332e-02	9.994280e-01	1.499141e+00	8.124177e-01
236	2.349998	-6.158152e-03	-9.227064e-03	9.998743e-01	1.499810e+00	8.124177e-01
237	2.359998	3.841822e-03	5.772880e-03	9.999205e-01	1.499879e+00	8.124176e-01
238	2.369998	1.384026e-02	2.077051e-02	9.995669e-01	1.499348e+00	8.124176e-01
239	2.379998	2.383316e-02	3.575984e-02	9.988135e-01	1.498217e+00	8.124178e-01
240	2.389998	3.381653e-02	5.073486e-02	9.976605e-01	1.496488e+00	8.124181e-01
241	2.399998	4.378637e-02	6.568959e-02	9.961084e-01	1.494159e+00	8.124183e-01
242	2.409998	5.373869e-02	8.061805e-02	9.941578e-01	1.491233e+00	8.124185e-01
243	2.419998	6.366953e-02	9.551425e-02	9.918095e-01	1.487710e+00	8.124189e-01
244	2.429998	7.357489e-02	1.103723e-01	9.890646e-01	1.483592e+00	8.124191e-01
245	2.439998	8.345082e-02	1.251861e-01	9.859242e-01	1.478882e+00	8.124201e-01
246	2.449998	9.329337e-02	1.399499e-01	9.823893e-01	1.473580e+00	8.124210e-01
247	2.459998	1.030986e-01	1.546577e-01	9.784613e-01	1.467687e+00	8.124211e-01
248	2.469998	1.128626e-01	1.693036e-01	9.741422e-01	1.461207e+00	8.124215e-01
249	2.479998	1.225814e-01	1.838818e-01	9.694327e-01	1.454143e+00	8.124219e-01
250	2.489998	1.322512e-01	1.983865e-01	9.643350e-01	1.446498e+00	8.124224e-01
251	2.499998	1.418681e-01	2.128118e-01	9.588525e-01	1.438274e+00	8.124232e-01
252	2.509998	1.514283e-01	2.271520e-01	9.529867e-01	1.429474e+00	8.124237e-01
253	2.519998	1.609279e-01	2.414013e-01	9.467393e-01	1.420102e+00	8.124239e-01
254	2.529998	1.703631e-01	2.555540e-01	9.401135e-01	1.410162e+00	8.124244e-01
255	2.539998	1.797301e-01	2.696045e-01	9.331115e-01	1.399659e+00	8.124249e-01
256	2.549998	1.890253e-01	2.835472e-01	9.257361e-01	1.388595e+00	8.124251e-01
257	2.559998	1.982449e-01	2.973764e-01	9.179905e-01	1.376976e+00	8.124263e-01
258	2.569998	2.073851e-01	3.110867e-01	9.098776e-01	1.364808e+00	8.124280e-01
259	2.579998	2.164424e-01	3.246726e-01	9.014010e-01	1.352093e+00	8.124292e-01
260	2.589998	2.254131e-01	3.381286e-01	8.925639e-01	1.338837e+00	8.124304e-01
261	2.599998	2.342937e-01	3.514493e-01	8.833699e-01	1.325046e+00	8.124322e-01
262	2.609998	2.430805e-01	3.646295e-01	8.738220e-01	1.310724e+00	8.124334e-01
263	2.619998	2.517701e-01	3.776638e-01	8.639239e-01	1.295878e+00	8.124343e-01
264	2.629998	2.603590e-01	3.905470e-01	8.536816e-01	1.280513e+00	8.124355e-01
265	2.639998	2.688438e-01	4.032741e-01	8.430988e-01	1.264636e+00	8.124371e-01
266	2.649998	2.772210e-01	4.158398e-01	8.321777e-01	1.248254e+00	8.124386e-01
267	2.659998	2.854873e-01	4.282391e-01	8.209229e-01	1.231372e+00	8.124398e-01
268	2.669998	2.936395e-01	4.404672e-01	8.093402e-01	1.213998e+00	8.124409e-01
269	2.679998	3.016741e-01	4.525191e-01	7.974342e-01	1.196137e+00	8.124421e-01
270	2.689998	3.095881e-01	4.643900e-01	7.852092e-01	1.177798e+00	8.124434e-01
271	2.699998	3.173783e-01	4.760751e-01	7.726699e-01	1.158988e+00	8.124447e-01
272	2.709998	3.250415e-01	4.875697e-01	7.598206e-01	1.139715e+00	8.124458e-01
273	2.719998	3.325747e-01	4.988694e-01	7.466674e-01	1.119988e+00	8.124478e-01
274	2.729998	3.399749e-01	5.099695e-01	7.332161e-01	1.099813e+00	8.124504e-01
275	2.739998	3.472390e-01	5.208656e-01	7.194713e-01	1.079199e+00	8.124532e-01
276	2.749998	3.543643e-01	5.315534e-01	7.054389e-01	1.058152e+00	8.124557e-01
277	2.759998	3.613478e-01	5.420287e-01	6.911248e-01	1.036683e+00	8.124585e-01
278	2.769998	3.681868e-01	5.522871e-01	6.765336e-01	1.014799e+00	8.124612e-01
279	2.779998	3.748785e-01	5.623246e-01	6.616712e-01	9.925067e-01	8.124624e-01
280	2.789998	3.814202e-01	5.721372e-01	6.465450e-01	9.698153e-01	8.124629e-01
281	2.799998	3.878094e-01	5.817209e-01	6.311610e-01	9.467363e-01	8.124639e-01
282	2.809998	3.940434e-01	5.910720e-01	6.155238e-01	9.232789e-01	8.124647e-01
283	2.819998	4.001199e-01	6.001865e-01	5.996406e-01	8.994520e-01	8.124654e-01
284	2.829998	4.060363e-01	6.090610e-01	5.835176e-01	8.752674e-01	8.124672e-01
285	2.839998	4.117902e-01	6.176919e-01	5.671605e-01	8.507341e-01	8.124694e-01
286	2.849998	4.173795e-01	6.260757e-01	5.505770e-01	8.258581e-01	8.124706e-01
287	2.859998	4.228018e-01	6.342090e-01	5.337730e-01	8.006513e-01	8.124715e-01
288	2.869998	4.280549e-01	6.420887e-01	5.167559e-01	7.751256e-01	8.124731e-01
289	2.879998	4.331369e-01	6.497115e-01	4.995331e-01	7.492900e-01	8.124748e-01
290	2.889998	4.380456e-01	6.570745e-01	4.821107e-01	7.231534e-01	8.124762e-01
291	2.899998	4.427791e-01	6.641746e-01	4.644945e-01	6.967276e-01	8.124774e-01
292	2.909998	4.473355e-01	6.710091e-01	4.466921e-01	6.700248e-01	8.124790e-01
293	2.919998	4.517129e-01	6.775751e-01	4.287109e-01	6.430537e-01	8.124803e-01
294	2.929998	4.559097e-01	6.838701e-01	4.105583e-01	6.158262e-01	8.124821e-01
295	2.939998	4.599241e-01	6.898916e-01	3.922418e-01	5.883515e-01	8.124834e-01
296	2.949998	4.637545e-01	6.956372e-01	3.737688e-01	5.606413e-01	8.124847e-01
297	2.959998	4.673995e-01	7.011045e-01	3.551468e-01	5.327076e-01	8.124864e-01
298	2.969998	4.708575e-01	7.062913e-01	3.363818e-01	5.045593e-01	8.124874e-01
299	2.979998	4.741271e-01	7.111956e-01	3.174812e-01	4.762083e-01	8.124880e-01
300	2.989998	4.772071e-01	7.158155e-01	2.984539e-01	4.476666e-01	8.124884e-01
301	2.999998	4.800962e-01	7.201490e-01	2.793074e-01	4.189461e-01	8.124890e-01
302	3.009998	4.827932e-01	7.241944e-01	2.600491e-01	3.900588e-01	8.124897e-01
303	3.019998	4.852972e-01	7.279502e-01	2.406865e-01	3.610164e-01	8.124905e-01
304	3.029998	4.876070e-01	7.314147e-01	2.212271e-01	3.318310e-01	8.124914e-01
305	3.039998	4.897217e-01	7.345868e-01	2.016798e-01	3.025115e-01	8.124920e-01
306	3.049998	4.916406e-01	7.374650e-01	1.820520e-01	2.730697e-01	8.124925e-01
307	3.059998	4.933628e-01	7.400482e-01	1.623511e-01	2.435207e-01	8.124931e-01
308	3.069998	4.948876e-01	7.423354e-01	1.425862e-01	2.138734e-01	8.124937e-01
309	3.079998	4.962145e-01	7.443256e-01	1.227647e-01	1.841396e-01	8.124941e-01
310	3.089998	4.973429e-01	7.460182e-01	1.028940e-01	1.543343e-01	8.124946e-01
311	3.099998	4.982724e-01	7.474123e-01	8.298159e-02	1.244664e-01	8.124949e-01
312	3.109998	4.990025e-01	7.485075e-01	6.303638e-02	9.454787e-02	8.124952e-01
313	3.119998	4.995331e-01	7.493033e-01	4.306585e-02	6.459355e-02	8.124955e-01
314	3.129997	4.998638e-01	7.497994e-01	2.307594e-02	3.461242e-02	8.124956e-01
315	3.139997	4.999946e-01	7.499955e-01	3.078580e-03	4.616380e-03	8.124956e-01
316	3.149997	4.999254e-01	7.498917e-01	-1.691878e-02	-2.537966e-02	8.124956e-01
317	3.159997	4.996562e-01	7.494879e-01	-3.691018e-02	-5.536675e-02	8.124955e-01
318	3.169997	4.991872e-01	7.487844e-01	-5.688667e-02	-8.533299e-02	8.124953e-01
319	3.179997	4.985185e-01	7.477813e-01	-7.684082e-02	-1.152635e-01	8.124951e-01
320	3.189997	4.976504e-01	7.464791e-01	-9.676367e-02	-1.451492e-01	8.124948e-01
321	3.199997	4.965832e-01	7.448783e-01	-1.166478e-01	-1.749784e-01	8.124946e-01
322	3.209997	4.953174e-01	7.429795e-01	-1.364857e-01	-2.047360e-01	8.124942e-01
323	3.219997	4.938535e-01	7.407836e-01	-1.562685e-01	-2.344102e-01	8.124936e-01
324	3.229997	4.921921e-01	7.382913e-01	-1.759887e-01	-2.639920e-01	8.124930e-01
325	3.239997	4.903337e-01	7.355037e-01	-1.956388e-01	-2.934694e-01	8.124927e-01
326	3.249997	4.882793e-01	7.324219e-01	-2.152115e-01	-3.228277e-01	8.124920e-01
327	3.259997	4.860295e-01	7.290472e-01	-2.346978e-01	-3.520578e-01	8.124915e-01
328	3.269997	4.835853e-01	7.253808e-01	-2.540901e-01	-3.811479e-01	8.124909e-01
329	3.279997	4.809477e-01	7.214242e-01	-2.733812e-01	-4.100829e-01	8.124899e-01
330	3.289997	4.781177e-01	7.171791e-01	-2.925619e-01	-4.388541e-01	8.124888e-01
331	3.299997	4.750965e-01	7.126471e-01	-3.116265e-01	-4.674494e-01	8.124876e-01
332	3.309997	4.718852e-01	7.078301e-01	-3.305674e-01	-4.958570e-01	8.124864e-01
333	3.319997	4.684851e-01	7.027300e-01	-3.493756e-01	-5.240679e-01	8.124853e-01
334	3.329997	4.648977e-01	6.973488e-01	-3.680438e-01	-5.520701e-01	8.124845e-01
335	3.339997	4.611242e-01	6.916886e-01	-3.865644e-01	-5.798519e-01	8.124837e-01
336	3.349997	4.571664e-01	6.857517e-01	-4.049301e-01	-6.074011e-01	8.124827e-01
337	3.359997	4.530256e-01	6.795406e-01	-4.231334e-01	-6.347060e-01	8.124810e-01
338	3.369997	4.487037e-01	6.730576e-01	-4.411668e-01	-6.617576e-01	8.124794e-01
339	3.379997	4.442023e-01	6.663054e-01	-4.590243e-01	-6.885439e-01	8.124776e-01
340	3.389997	4.395232e-01	6.592867e-01	-4.766986e-01	-7.150531e-01	8.124753e-01
341	3.399997	4.346683e-01	6.520044e-01	-4.941821e-01	-7.412791e-01	8.124739e-01
342	3.409997	4.296396e-01	6.444612e-01	-5.114689e-01	-7.672101e-01	8.124733e-01
343	3.419997	4.244390e-01	6.366602e-01	-5.285516e-01	-7.928342e-01	8.124728e-01
344	3.429997	4.190685e-01	6.286045e-01	-5.454227e-01	-8.181393e-01	8.124715e-01
345	3.439997	4.135305e-01	6.202974e-01	-5.620748e-01	-8.431166e-01	8.124697e-01
346	3.449997	4.078270e-01	6.117421e-01	-5.785018e-01	-8.677572e-01	8.124681e-01
347	3.459997	4.019605e-01	6.029422e-01	-5.946979e-01	-8.920491e-01	8.124658e-01
348	3.469997	3.959331e-01	5.939012e-01	-6.106555e-01	-9.159863e-01	8.124644e-01
349	3.479997	3.897474e-01	5.846225e-01	-6.263688e-01	-9.395570e-01	8.124627e-01
350	3.489997	3.834057e-01	5.751100e-01	-6.418318e-01	-9.627491e-01	8.124599e-01
351	3.499997	3.769107e-01	5.653675e-01	-6.570384e-01	-9.855568e-01	8.124576e-01
352	3.509997	3.702649e-01	5.553989e-01	-6.719828e-01	-1.007971e+00	8.124558e-01
353	3.519997	3.634711e-01	5.452081e-01	-6.866574e-01	-1.029983e+00	8.124540e-01
354	3.529997	3.565318e-01	5.347992e-01	-7.010564e-01	-1.051584e+00	8.124523e-01
355	3.539997	3.494499e-01	5.241764e-01	-7.151753e-01	-1.072764e+00	8.124510e-01
356	3.549997	3.422283e-01	5.133439e-01	-7.290080e-01	-1.093516e+00	8.124496e-01
357	3.559997	3.348698e-01	5.023061e-01	-7.425502e-01	-1.113829e+00	8.124481e-01
358	3.569997	3.273773e-01	4.910673e-01	-7.557958e-01	-1.133697e+00	8.124470e-01
359	3.579997	3.197539e-01	4.796322e-01	-7.687390e-01	-1.153111e+00	8.124460e-01
360	3.589997	3.120025e-01	4.680051e-01	-7.813752e-01	-1.172064e+00	8.124448e-01
361	3.599997	3.041264e-01	4.561909e-01	-7.936984e-01	-1.190548e+00	8.124432e-01
362	3.609997	2.961285e-01	4.441942e-01	-8.057043e-01	-1.208556e+00	8.124422e-01
363	3.619997	2.880123e-01	4.320198e-01	-8.173883e-01	-1.226079e+00	8.124408e-01
364	3.629997	2.797808e-01	4.196726e-01	-8.287445e-01	-1.243113e+00	8.124392e-01
365	3.639997	2.714374e-01	4.071575e-01	-8.397684e-01	-1.259650e+00	8.124380e-01
366	3.649997	2.629854e-01	3.944796e-01	-8.504570e-01	-1.275684e+00	8.124372e-01
367	3.659997	2.544282e-01	3.816438e-01	-8.608058e-01	-1.291206e+00	8.124359e-01
368	3.669997	2.457693e-01	3.686554e-01	-8.708097e-01	-1.306212e+00	8.124342e-01
369	3.679997	2.370120e-01	3.555196e-01	-8.804649e-01	-1.320696e+00	8.124329e-01
370	3.689997	2.281600e-01	3.422415e-01	-8.897685e-01	-1.334651e+00	8.124315e-01
371	3.699997	2.192167e-01	3.288266e-01	-8.987166e-01	-1.348071e+00	8.124295e-01
372	3.709997	2.101857e-01	3.152801e-01	-9.073049e-01	-1.360953e+00	8.124282e-01
373	3.719997	2.010706e-01	3.016075e-01	-9.155296e-01	-1.373291e+00	8.124271e-01
374	3.729997	1.918751e-01	2.878143e-01	-9.233885e-01	-1.385079e+00	8.124259e-01
375	3.739997	1.826028e-01	2.739059e-01	-9.308785e-01	-1.396313e+00	8.124247e-01
376	3.749997	1.732575e-01	2.598880e-01	-9.379961e-01	-1.406989e+00	8.124232e-01
377	3.759997	1.638429e-01	2.457662e-01	-9.447381e-01	-1.417101e+00	8.124221e-01
378	3.769997	1.543627e-01	2.315460e-01	-9.511024e-01	-1.426648e+00	8.124213e-01
379	3.779997	1.448208e-01	2.172332e-01	-9.570867e-01	-1.435623e+00	8.124207e-01
380	3.789997	1.352210e-01	2.028335e-01	-9.626880e-01	-1.444025e+00	8.124201e-01
381	3.799997	1.255671e-01	1.883527e-01	-9.679039e-01	-1.451849e+00	8.124194e-01
382	3.809997	1.158629e-01	1.737966e-01	-9.727322e-01	-1.459091e+00	8.124182e-01
383	3.819997	1.061124e-01	1.591709e-01	-9.771716e-01	-1.465751e+00	8.124175e-01
384	3.829997	9.631950e-02	1.444816e-01	-9.812202e-01	-1.471823e+00	8.124167e-01
385	3.839997	8.648803e-02	1.297344e-01	-9.848763e-01	-1.477307e+00	8.124158e-01
386	3.849997	7.662197e-02	1.149354e-01	-9.881385e-01	-1.482201e+00	8.124154e-01
387	3.859997	6.672526e-02	1.000904e-01	-9.910057e-01	-1.486502e+00	8.124154e-01
388	3.869997	5.680186e-02	8.520537e-02	-9.934763e-01	-1.490208e+00	8.124151e-01
389	3.879997	4.685574e-02	7.028625e-02	-9.955494e-01	-1.493317e+00	8.124145e-01
390	3.889997	3.689087e-02	5.533902e-02	-9.972243e-01	-1.495830e+00	8.124143e-01
391	3.899997	2.691125e-02	4.036965e-02	-9.985003e-01	-1.497744e+00	8.124141e-01
392	3.909997	1.692087e-02	2.538414e-02	-9.993770e-01	-1.499059e+00	8.124139e-01
393	3.919997	6.923713e-03	1.038847e-02	-9.998538e-01	-1.499775e+00	8.124138e-01
394	3.929997	-3.076209e-03	-4.611354e-03	-9.999308e-01	-1.499890e+00	8.124138e-01
395	3.939997	-1.307490e-02	-1.960933e-02	-9.996078e-01	-1.499406e+00	8.124138e-01
396	3.949997	-2.306836e-02	-3.459947e-02	-9.988850e-01	-1.498322e+00	8.124139e-01
397	3.959997	-3.305260e-02	-4.957576e-02	-9.977626e-01	-1.496638e+00	8.124141e-01
398	3.969997	-4.302362e-02	-6.453223e-02	-9.962410e-01	-1.494356e+00	8.124142e-01
399	3.979997	-5.297742e-02	-7.946288e-02	-9.943210e-01	-1.491476e+00	8.124146e-01
400	3.989997	-6.291004e-02	-9.436174e-02	-9.920035e-01	-1.487999e+00	8.124151e-01
401	3.999997	-7.281749e-02	-1.092229e-01	-9.892892e-01	-1.483928e+00	8.124157e-01
402	4.009997	-8.269582e-02	-1.240403e-01	-9.861790e-01	-1.479262e+00	8.124157e-01
403	4.019997	-9.254107e-02	-1.388081e-01	-9.826742e-01	-1.474004e+00	8.124156e-01
404	4.029997	-1.023493e-01	-1.535204e-01	-9.787765e-01	-1.468157e+00	8.124160e-01
405	4.039998	-1.121166e-01	-1.681712e-01	-9.744872e-01	-1.461723e+00	8.124169e-01
406	4.049998	-1.218390e-01	-1.827548e-01	-9.698074e-01	-1.454705e+00	8.124173e-01
407	4.059998	-1.315127e-01	-1.972653e-01	-9.647399e-01	-1.447105e+00	8.124180e-01
408	4.069998	-1.411338e-01	-2.116969e-01	-9.592869e-01	-1.438926e+00	8.124188e-01
409	4.079998	-1.506985e-01	-2.260439e-01	-9.534501e-01	-1.430170e+00	8.124194e-01
410	4.089999	-1.602028e-01	-2.403003e-01	-9.472325e-01	-1.420844e+00	8.124207e-01
411	4.099999	-1.696431e-01	-2.544607e-01	-9.406358e-01	-1.410949e+00	8.124219e-01
412	4.109999	-1.790156e-01	-2.685193e-01	-9.336628e-01	-1.400489e+00	8.124229e-01
413	4.119999	-1.883164e-01	-2.824705e-01	-9.263166e-01	-1.389469e+00	8.124244e-01
414	4.130000	-1.975419e-01	-2.963087e-01	-9.185992e-01	-1.377894e+00	8.124258e-01
415	4.140000	-2.066884e-01	-3.100284e-01	-9.105146e-01	-1.365767e+00	8.124271e-01
416	4.150000	-2.157522e-01	-3.236240e-01	-9.020656e-01	-1.353094e+00	8.124280e-01
417	4.160000	-2.247297e-01	-3.370903e-01	-8.932554e-01	-1.339880e+00	8.124290e-01
418	4.170001	-2.336173e-01	-3.504216e-01	-8.840882e-01	-1.326130e+00	8.124307e-01
419	4.180001	-2.424114e-01	-3.636129e-01	-8.745678e-01	-1.311851e+00	8.124328e-01
420	4.190001	-2.511086e-01	-3.766586e-01	-8.646988e-01	-1.297046e+00	8.124355e-01
421	4.200001	-2.597054e-01	-3.895538e-01	-8.544832e-01	-1.281722e+00	8.124373e-01
422	4.210001	-2.681983e-01	-4.022931e-01	-8.439243e-01	-1.265885e+00	8.124383e-01
423	4.220002	-2.765839e-01	-4.148715e-01	-8.330286e-01	-1.249543e+00	8.124405e-01
424	4.230002	-2.848589e-01	-4.272839e-01	-8.218005e-01	-1.232700e+00	8.124426e-01
425	4.240002	-2.930199e-01	-4.395255e-01	-8.102432e-01	-1.215364e+00	8.124443e-01
426	4.250002	-3.010637e-01	-4.515912e-01	-7.983610e-01	-1.197542e+00	8.124460e-01
427	4.260003	-3.089871e-01	-4.634763e-01	-7.861599e-01	-1.179241e+00	8.124474e-01
428	4.270003	-3.167869e-01	-4.751760e-01	-7.736444e-01	-1.160467e+00	8.124484e-01
429	4.280003	-3.244600e-01	-4.866857e-01	-7.608190e-01	-1.141229e+00	8.124497e-01
430	4.290003	-3.320033e-01	-4.980006e-01	-7.476896e-01	-1.121537e+00	8.124523e-01
431	4.300004	-3.394138e-01	-5.091164e-01	-7.342607e-01	-1.101395e+00	8.124540e-01
432	4.310004	-3.466885e-01	-5.200285e-01	-7.205382e-01	-1.080811e+00	8.124546e-01
433	4.320004	-3.538246e-01	-5.307326e-01	-7.065281e-01	-1.059794e+00	8.124555e-01
434	4.330004	-3.608191e-01	-5.412244e-01	-6.922349e-01	-1.038355e+00	8.124567e-01
435	4.340004	-3.676693e-01	-5.514997e-01	-6.776646e-01	-1.016501e+00	8.124583e-01
436	4.350005	-3.743724e-01	-5.615544e-01	-6.628230e-01	-9.942383e-01	8.124591e-01
437	4.360005	-3.809257e-01	-5.713845e-01	-6.477162e-01	-9.715796e-01	8.124604e-01
438	4.370005	-3.873267e-01	-5.809860e-01	-6.323501e-01	-9.485334e-01	8.124623e-01
439	4.380005	-3.935727e-01	-5.903552e-01	-6.167322e-01	-9.251058e-01	8.124635e-01
440	4.390006	-3.996614e-01	-5.994881e-01	-6.008685e-01	-9.013087e-01	8.124653e-01
441	4.400006	-4.055901e-01	-6.083813e-01	-5.847633e-01	-8.771509e-01	8.124666e-01
442	4.410006	-4.113566e-01	-6.170312e-01	-5.684242e-01	-8.526415e-01	8.124676e-01
443	4.420006	-4.169586e-01	-6.254342e-01	-5.518585e-01	-8.277923e-01	8.124694e-01
444	4.430007	-4.223938e-01	-6.335870e-01	-5.350724e-01	-8.026123e-01	8.124713e-01
445	4.440007	-4.276600e-01	-6.414864e-01	-5.180717e-01	-7.771105e-01	8.124726e-01
446	4.450007	-4.327552e-01	-6.491292e-01	-5.008638e-01	-7.512987e-01	8.124744e-01
447	4.460007	-4.376773e-01	-6.565124e-01	-4.834563e-01	-7.251859e-01	8.124761e-01
448	4.470007	-4.424244e-01	-6.636329e-01	-4.658550e-01	-6.987810e-01	8.124769e-01
449	4.480008	-4.469944e-01	-6.704880e-01	-4.480675e-01	-6.720960e-01	8.124775e-01
450	4.490008	-4.513857e-01	-6.770748e-01	-4.301012e-01	-6.451428e-01	8.124785e-01
451	4.500008	-4.555964e-01	-6.833909e-01	-4.119620e-01	-6.179333e-01	8.124797e-01
452	4.510008	-4.596249e-01	-6.894335e-01	-3.936574e-01	-5.904764e-01	8.124808e-01
453	4.520009	-4.634696e-01	-6.952004e-01	-3.751948e-01	-5.627841e-01	8.124819e-01
454	4.530009	-4.671288e-01	-7.006892e-01	-3.565818e-01	-5.348682e-01	8.124833e-01
455	4.540009	-4.706012e-01	-7.058977e-01	-3.378272e-01	-5.067378e-01	8.124847e-01
456	4.550009	-4.738854e-01	-7.108240e-01	-3.189385e-01	-4.784048e-01	8.124863e-01
457	4.560009	-4.769800e-01	-7.154658e-01	-2.999216e-01	-4.498810e-01	8.124877e-01
458	4.570010	-4.798838e-01	-7.198216e-01	-2.807841e-01	-4.211754e-01	8.124887e-01
459	4.580010	-4.825957e-01	-7.238894e-01	-2.615348e-01	-3.922999e-01	8.124893e-01
460	4.590010	-4.851145e-01	-7.276676e-01	-2.421811e-01	-3.632694e-01	8.124903e-01
461	4.600010	-4.874393e-01	-7.311547e-01	-2.227306e-01	-3.340930e-01	8.124911e-01
462	4.610011	-4.895691e-01	-7.343494e-01	-2.031907e-01	-3.047824e-01	8.124917e-01
463	4.620011	-4.915031e-01	-7.372504e-01	-1.835689e-01	-2.753496e-01	8.124922e-01
464	4.630011	-4.932405e-01	-7.398564e-01	-1.638740e-01	-2.458066e-01	8.124926e-01
465	4.640011	-4.947806e-01	-7.421665e-01	-1.441136e-01	-2.161652e-01	8.124930e-01
466	4.650012	-4.961228e-01	-7.441797e-01	-1.242951e-01	-1.864374e-01	8.124933e-01
467	4.660012	-4.972665e-01	-7.458953e-01	-1.044273e-01	-1.566350e-01	8.124936e-01
468	4.670012	-4.982113e-01	-7.473124e-01	-8.451790e-02	-1.267701e-01	8.124939e-01
469	4.680012	-4.989569e-01	-7.484307e-01	-6.457418e-02	-9.685457e-02	8.124940e-01
470	4.690012	-4.995028e-01	-7.492495e-01	-4.460514e-02	-6.690025e-02	8.124942e-01
471	4.700013	-4.998490e-01	-7.497687e-01	-2.461970e-02	-3.691912e-02	8.124943e-01
472	4.710013	-4.999952e-01	-7.499879e-01	-4.623830e-03	-6.923079e-03	8.124945e-01
473	4.720013	-4.999414e-01	-7.499071e-01	1.537502e-02	2.307594e-02	8.124943e-01
474	4.730013	-4.996877e-01	-7.495264e-01	3.536791e-02	5.306602e-02	8.124943e-01
475	4.740014	-4.992341e-01	-7.488458e-01	5.534738e-02	8.303225e-02	8.124942e-01
476	4.750014	-4.985808e-01	-7.478657e-01	7.530451e-02	1.129657e-01	8.124939e-01
477	4.760014	-4.977280e-01	-7.465865e-01	9.523034e-02	1.428545e-01	8.124936e-01
478	4.770014	-4.966761e-01	-7.450086e-01	1.151174e-01	1.726866e-01	8.124932e-01
479	4.780015	-4.954256e-01	-7.431328e-01	1.349583e-01	2.024502e-01	8.124928e-01
480	4.790015	-4.939770e-01	-7.409596e-01	1.547456e-01	2.321303e-01	8.124921e-01
481	4.800015	-4.923307e-01	-7.384902e-01	1.744717e-01	2.617180e-01	8.124915e-01
482	4.810015	-4.904875e-01	-7.357253e-01	1.941279e-01	2.912015e-01	8.124908e-01
483	4.820015	-4.884482e-01	-7.326661e-01	2.137065e-01	3.205687e-01	8.124899e-01
484	4.830016	-4.862134e-01	-7.293139e-01	2.332002e-01	3.498077e-01	8.124892e-01
485	4.840016	-4.837842e-01	-7.256700e-01	2.526000e-01	3.789067e-01	8.124883e-01
486	4.850016	-4.811614e-01	-7.217358e-01	2.718985e-01	4.078537e-01	8.124872e-01
487	4.860016	-4.783462e-01	-7.175129e-01	2.910882e-01	4.366368e-01	8.124858e-01
488	4.870017	-4.753397e-01	-7.130030e-01	3.101617e-01	4.652470e-01	8.124849e-01
489	4.880017	-4.721430e-01	-7.082080e-01	3.291115e-01	4.936725e-01	8.124843e-01
490	4.890017	-4.687574e-01	-7.031296e-01	3.479302e-01	5.219012e-01	8.124838e-01
491	4.900017	-4.651844e-01	-6.977699e-01	3.666103e-01	5.499214e-01	8.124835e-01
492	4.910017	-4.614252e-01	-6.921312e-01	3.851429e-01	5.777210e-01	8.124830e-01
493	4.920018	-4.574815e-01	-6.862155e-01	4.035205e-01	6.052881e-01	8.124817e-01
494	4.930018	-4.533548e-01	-6.800254e-01	4.217371e-01	6.326139e-01	8.124807e-01
495	4.940018	-4.490468e-01	-6.735632e-01	4.397854e-01	6.596863e-01	8.124797e-01
496	4.950018	-4.445591e-01	-6.668317e-01	4.576579e-01	6.864935e-01	8.124783e-01
497	4.960019	-4.398936e-01	-6.598334e-01	4.753470e-01	7.130265e-01	8.124769e-01
498	4.970019	-4.350522e-01	-6.525711e-01	4.928455e-01	7.392734e-01	8.124749e-01
499	4.980019	-4.300367e-01	-6.450479e-01	5.101472e-01	7.652253e-01	8.124734e-01
500	4.990019	-4.248492e-01	-6.372666e-01	5.272448e-01	7.908732e-01	8.124725e-01
501	5.000020	-4.194918e-01	-6.292304e-01	5.441308e-01	8.162051e-01	8.124716e-01
502	5.010020	-4.139666e-01	-6.209425e-01	5.607992e-01	8.412093e-01	8.124702e-01
503	5.020020	-4.082758e-01	-6.124063e-01	5.772442e-01	8.658767e-01	8.124689e-01
504	5.030020	-4.024217e-01	-6.036250e-01	5.934581e-01	8.901983e-01	8.124678e-01
505	5.040020	-3.964067e-01	-5.946023e-01	6.094337e-01	9.141624e-01	8.124657e-01
506	5.050021	-3.902330e-01	-5.853418e-01	6.251663e-01	9.377599e-01	8.124634e-01
507	5.060021	-3.839033e-01	-5.758471e-01	6.406501e-01	9.609818e-01	8.124613e-01
508	5.070021	-3.774200e-01	-5.661221e-01	6.558776e-01	9.838194e-01	8.124591e-01
509	5.080021	-3.707858e-01	-5.561707e-01	6.708428e-01	1.006263e+00	8.124570e-01
510	5.090022	-3.640032e-01	-5.459968e-01	6.855398e-01	1.028305e+00	8.124550e-01
511	5.100022	-3.570750e-01	-5.356046e-01	6.999627e-01	1.049936e+00	8.124531e-01
512	5.110022	-3.500039e-01	-5.249981e-01	7.141054e-01	1.071146e+00	8.124509e-01
513	5.120022	-3.427929e-01	-5.141817e-01	7.279620e-01	1.091930e+00	8.124498e-01
514	5.130023	-3.354447e-01	-5.031595e-01	7.415265e-01	1.112278e+00	8.124485e-01
515	5.140023	-3.279623e-01	-4.919361e-01	7.547945e-01	1.132180e+00	8.124470e-01
516	5.150023	-3.203488e-01	-4.805159e-01	7.677615e-01	1.151629e+00	8.124455e-01
517	5.160023	-3.126071e-01	-4.689035e-01	7.804215e-01	1.170617e+00	8.124444e-01
518	5.170023	-3.047404e-01	-4.571036e-01	7.927686e-01	1.189138e+00	8.124432e-01
519	5.180024	-2.967517e-01	-4.451208e-01	8.047983e-01	1.207182e+00	8.124411e-01
520	5.190024	-2.886444e-01	-4.329599e-01	8.165061e-01	1.224743e+00	8.124393e-01
521	5.200024	-2.804216e-01	-4.206259e-01	8.278877e-01	1.241815e+00	8.124381e-01
522	5.210024	-2.720867e-01	-4.081236e-01	8.389384e-01	1.258391e+00	8.124375e-01
523	5.220025	-2.636428e-01	-3.954581e-01	8.496538e-01	1.274464e+00	8.124369e-01
524	5.230025	-2.550936e-01	-3.826344e-01	8.600295e-01	1.290026e+00	8.124365e-01
525	5.240025	-2.464423e-01	-3.696576e-01	8.700602e-01	1.305072e+00	8.124350e-01
526	5.250025	-2.376924e-01	-3.565329e-01	8.797430e-01	1.319595e+00	8.124329e-01
527	5.260026	-2.288474e-01	-3.432657e-01	8.890741e-01	1.333590e+00	8.124312e-01
528	5.270026	-2.199109e-01	-3.298611e-01	8.980491e-01	1.347052e+00	8.124292e-01
529	5.280026	-2.108864e-01	-3.163247e-01	9.066649e-01	1.359975e+00	8.124279e-01
530	5.290026	-2.017776e-01	-3.026616e-01	9.149179e-01	1.372355e+00	8.124267e-01
531	5.300026	-1.925881e-01	-2.888775e-01	9.228051e-01	1.384185e+00	8.124249e-01
532	5.310027	-1.833215e-01	-2.749779e-01	9.303235e-01	1.395463e+00	8.124239e-01
533	5.320027	-1.739816e-01	-2.609683e-01	9.374693e-01	1.406182e+00	8.124229e-01
534	5.330027	-1.645721e-01	-2.468543e-01	9.442404e-01	1.416337e+00	8.124215e-01
535	5.340027	-1.550968e-01	-2.326415e-01	9.506338e-01	1.425927e+00	8.124202e-01
536	5.350028	-1.455594e-01	-2.183357e-01	9.566464e-01	1.434947e+00	8.124192e-01
537	5.360028	-1.359639e-01	-2.039426e-01	9.622768e-01	1.443393e+00	8.124186e-01
538	5.370028	-1.263139e-01	-1.894679e-01	9.675224e-01	1.451261e+00	8.124181e-01
539	5.380028	-1.166134e-01	-1.749174e-01	9.723809e-01	1.458549e+00	8.124171e-01
540	5.390028	-1.068663e-01	-1.602969e-01	9.768505e-01	1.465253e+00	8.124163e-01
541	5.400029	-9.707640e-02	-1.456123e-01	9.809293e-01	1.471371e+00	8.124157e-01
542	5.410029	-8.724769e-02	-1.308695e-01	9.846159e-01	1.476901e+00	8.124152e-01
543	5.420029	-7.738408e-02	-1.160743e-01	9.879087e-01	1.481840e+00	8.124149e-01
544	5.430029	-6.748952e-02	-1.012327e-01	9.908063e-01	1.486186e+00	8.124147e-01
545	5.440030	-5.756796e-02	-8.635058e-02	9.933075e-01	1.489938e+00	8.124143e-01
546	5.450030	-4.762337e-02	-7.143393e-02	9.954114e-01	1.493094e+00	8.124139e-01
547	5.460030	-3.765973e-02	-5.648871e-02	9.971171e-01	1.495652e+00	8.124136e-01
548	5.470030	-2.768103e-02	-4.152089e-02	9.984238e-01	1.497612e+00	8.124134e-01
549	5.480031	-1.769125e-02	-2.653646e-02	9.993312e-01	1.498973e+00	8.124132e-01
550	5.490031	-7.694404e-03	-1.154142e-02	9.998389e-01	1.499735e+00	8.124132e-01
551	5.500031	2.305524e-03	3.458236e-03	9.999467e-01	1.499897e+00	8.124130e-01
552	5.510031	1.230453e-02	1.845651e-02	9.996546e-01	1.499458e+00	8.124131e-01
553	5.520031	2.229862e-02	3.344740e-02	9.989627e-01	1.498420e+00	8.124133e-01
554	5.530032	3.228378e-02	4.842491e-02	9.978712e-01	1.496783e+00	8.124134e-01
555	5.540032	4.225604e-02	6.338305e-02	9.963805e-01	1.494546e+00	8.124135e-01
556	5.550032	5.221139e-02	7.831583e-02	9.944912e-01	1.491712e+00	8.124136e-01
557	5.560032	6.214586e-02	9.321728e-02	9.922041e-01	1.488281e+00	8.124136e-01
558	5.570033	7.205547e-02	1.080814e-01	9.895204e-01	1.484254e+00	8.124140e-01
559	5.580033	8.193627e-02	1.229024e-01	9.864409e-01	1.479635e+00	8.124146e-01
560	5.590033	9.178429e-02	1.376741e-01	9.829663e-01	1.474423e+00	8.124153e-01
561	5.600033	1.015956e-01	1.523908e-01	9.790987e-01	1.468622e+00	8.124158e-01
562	5.610034	1.113663e-01	1.670466e-01	9.748396e-01	1.462233e+00	8.124164e-01
563	5.620034	1.210924e-01	1.816355e-01	9.701904e-01	1.455259e+00	8.124171e-01
564	5.630034	1.307701e-01	1.961518e-01	9.651538e-01	1.447704e+00	8.124183e-01
565	5.640034	1.403955e-01	2.105896e-01	9.597309e-01	1.439569e+00	8.124196e-01
566	5.650034	1.499647e-01	2.249431e-01	9.539232e-01	1.430859e+00	8.124203e-01
567	5.660035	1.594739e-01	2.392067e-01	9.477340e-01	1.421576e+00	8.124213e-01
568	5.670035	1.689194e-01	2.533747e-01	9.411663e-01	1.411725e+00	8.124228e-01
569	5.680035	1.782973e-01	2.674412e-01	9.342223e-01	1.401308e+00	8.124237e-01
570	5.690035	1.876038e-01	2.814008e-01	9.269044e-01	1.390331e+00	8.124243e-01
571	5.700036	1.968353e-01	2.952479e-01	9.192154e-01	1.378797e+00	8.124250e-01
572	5.710036	2.059881e-01	3.089768e-01	9.111591e-01	1.366712e+00	8.124261e-01
573	5.720036	2.150585e-01	3.225821e-01	9.027385e-01	1.354080e+00	8.124270e-01
574	5.730036	2.240429e-01	3.360584e-01	8.939564e-01	1.340908e+00	8.124284e-01
575	5.740036	2.329376e-01	3.494003e-01	8.848168e-01	1.327199e+00	8.124298e-01
576	5.750037	2.417392e-01	3.626024e-01	8.753218e-01	1.312958e+00	8.124300e-01
577	5.760037	2.504441e-01	3.756594e-01	8.654781e-01	1.298192e+00	8.124310e-01
578	5.770037	2.590488e-01	3.885662e-01	8.552894e-01	1.282908e+00	8.124332e-01
579	5.780037	2.675499e-01	4.013176e-01	8.447573e-01	1.267111e+00	8.124352e-01
580	5.790038	2.759439e-01	4.139084e-01	8.338869e-01	1.250808e+00	8.124372e-01
581	5.800038	2.842276e-01	4.263337e-01	8.226827e-01	1.234004e+00	8.124389e-01
582	5.810038	2.923976e-01	4.385885e-01	8.111507e-01	1.216705e+00	8.124405e-01
583	5.820038	3.004506e-01	4.506678e-01	7.992938e-01	1.198919e+00	8.124415e-01
584	5.830039	3.083835e-01	4.625669e-01	7.871166e-01	1.180655e+00	8.124431e-01
585	5.840039	3.161930e-01	4.742809e-01	7.746249e-01	1.161918e+00	8.124447e-01
586	5.850039	3.238760e-01	4.858052e-01	7.618234e-01	1.142716e+00	8.124463e-01
587	5.860039	3.314294e-01	4.971353e-01	7.487178e-01	1.123060e+00	8.124496e-01
588	5.870039	3.388503e-01	5.082664e-01	7.353127e-01	1.102953e+00	8.124517e-01
589	5.880040	3.461357e-01	5.191943e-01	7.216126e-01	1.082402e+00	8.124526e-01
590	5.890040	3.532826e-01	5.299145e-01	7.076234e-01	1.061422e+00	8.124546e-01
591	5.900040	3.602881e-01	5.404227e-01	6.933510e-01	1.040015e+00	8.124558e-01
592	5.910040	3.671496e-01	5.507148e-01	6.788015e-01	1.018190e+00	8.124564e-01
593	5.920041	3.738642e-01	5.607865e-01	6.639808e-01	9.959608e-01	8.124582e-01
594	5.930041	3.804292e-01	5.706340e-01	6.488949e-01	9.733349e-01	8.124609e-01
595	5.940041	3.868421e-01	5.802532e-01	6.335497e-01	9.503186e-01	8.124633e-01
596	5.950041	3.931002e-01	5.896404e-01	6.179512e-01	9.269208e-01	8.124650e-01
597	5.960042	3.992011e-01	5.987917e-01	6.021053e-01	9.031534e-01	8.124672e-01
598	5.970042	4.051423e-01	6.077034e-01	5.860180e-01	8.790255e-01	8.124695e-01
599	5.980042	4.109215e-01	6.163722e-01	5.696967e-01	8.545458e-01	8.124718e-01
600	5.990042	4.165362e-01	6.247944e-01	5.531475e-01	8.297235e-01	8.124737e-01
601	6.000042	4.219844e-01	6.329666e-01	5.363762e-01	8.045673e-01	8.124746e-01
602	6.010043	4.272638e-01	6.408857e-01	5.193904e-01	7.790893e-01	8.124755e-01
603	6.020043	4.323722e-01	6.485484e-01	5.021974e-01	7.533014e-01	8.124771e-01
604	6.030043	4.373077e-01	6.559517e-01	4.848048e-01	7.272124e-01	8.124791e-01
605	6.040043	4.420683e-01	6.630927e-01	4.672185e-01	7.008314e-01	8.124807e-01
606	6.050044	4.466521e-01	6.699684e-01	4.494444e-01	6.741703e-01	8.124822e-01
607	6.060044	4.510572e-01	6.765761e-01	4.314899e-01	6.472409e-01	8.124839e-01
608	6.070044	4.552819e-01	6.829132e-01	4.133627e-01	6.200522e-01	8.124853e-01
609	6.080044	4.593244e-01	6.889771e-01	3.950700e-01	5.926132e-01	8.124862e-01
610	6.090044	4.631833e-01	6.947654e-01	3.766194e-01	5.649388e-01	8.124873e-01
611	6.100045	4.668568e-01	7.002759e-01	3.580183e-01	5.370408e-01	8.124892e-01
612	6.110045	4.703436e-01	7.055063e-01	3.392741e-01	5.089253e-01	8.124902e-01
613	6.120045	4.736423e-01	7.104544e-01	3.203943e-01	4.806042e-01	8.124908e-01
614	6.130045	4.767515e-01	7.151183e-01	3.013864e-01	4.520923e-01	8.124917e-01
615	6.140046	4.796700e-01	7.194963e-01	2.822578e-01	4.234016e-01	8.124928e-01
616	6.150046	4.823967e-01	7.235864e-01	2.630159e-01	3.945410e-01	8.124938e-01
617	6.160046	4.849304e-01	7.273871e-01	2.436683e-01	3.655225e-01	8.124947e-01
618	6.170046	4.872701e-01	7.308968e-01	2.242237e-01	3.363580e-01	8.124956e-01
619	6.180047	4.894148e-01	7.341142e-01	2.046898e-01	3.070563e-01	8.124959e-01
620	6.190047	4.913639e-01	7.370380e-01	1.850739e-01	2.776325e-01	8.124964e-01
621	6.200047	4.931163e-01	7.396669e-01	1.653850e-01	2.480984e-01	8.124971e-01
622	6.210047	4.946716e-01	7.419999e-01	1.456305e-01	2.184659e-01	8.124977e-01
623	6.220047	4.960289e-01	7.440362e-01	1.258165e-01	1.887470e-01	8.124984e-01
624	6.230048	4.971879e-01	7.457749e-01	1.059517e-01	1.589507e-01	8.124987e-01
625	6.240048	4.981480e-01	7.472152e-01	8.604527e-02	1.290917e-01	8.124990e-01
626	6.250048	4.989088e-01	7.483567e-01	6.610453e-02	9.918213e-02	8.124994e-01
627	6.260048	4.994701e-01	7.491989e-01	4.613847e-02	6.923079e-02	8.124997e-01
628	6.270049	4.998316e-01	7.497413e-01	2.615303e-02	3.925264e-02	8.124998e-01
629	6.280049	4.999931e-01	7.499839e-01	6.155670e-03	9.259582e-03	8.124999e-01
630	6.290049	4.999547e-01	7.499265e-01	-1.384318e-02	-2.073944e-02	8.124999e-01
631	6.300049	4.997163e-01	7.495691e-01	-3.383607e-02	-5.072951e-02	8.124998e-01
632	6.310050	4.992779e-01	7.489119e-01	-5.381554e-02	-8.069873e-02	8.124996e-01
633	6.320050	4.986399e-01	7.479551e-01	-7.377416e-02	-1.106352e-01	8.124994e-01
634	6.330050	4.978025e-01	7.466992e-01	-9.370297e-02	-1.405269e-01	8.124990e-01
635	6.340050	4.967659e-01	7.451446e-01	-1.135930e-01	-1.703650e-01	8.124987e-01
636	6.350050	4.955306e-01	7.432919e-01	-1.334384e-01	-2.001345e-01	8.124983e-01
637	6.360051	4.940971e-01	7.411419e-01	-1.532316e-01	-2.298236e-01	8.124980e-01
638	6.370051	4.924660e-01	7.386954e-01	-1.729637e-01	-2.594203e-01	8.124976e-01
639	6.380051	4.906378e-01	7.359535e-01	-1.926258e-01	-2.889127e-01	8.124968e-01
640	6.390051	4.886135e-01	7.329172e-01	-2.122104e-01	-3.182918e-01	8.124965e-01
641	6.400052	4.863936e-01	7.295877e-01	-2.317101e-01	-3.475428e-01	8.124958e-01
642	6.410052	4.839793e-01	7.259663e-01	-2.511173e-01	-3.766537e-01	8.124950e-01
643	6.420052	4.813713e-01	7.220546e-01	-2.704248e-01	-4.056156e-01	8.124945e-01
644	6.430052	4.785708e-01	7.178540e-01	-2.896234e-01	-4.344136e-01	8.124936e-01
645	6.440053	4.755788e-01	7.133663e-01	-3.087059e-01	-4.630357e-01	8.124921e-01
646	6.450053	4.723966e-01	7.085933e-01	-3.276646e-01	-4.914731e-01	8.124905e-01
647	6.460053	4.690255e-01	7.035369e-01	-3.464922e-01	-5.197138e-01	8.124889e-01
648	6.470053	4.654668e-01	6.981990e-01	-3.651813e-01	-5.477488e-01	8.124878e-01
649	6.480053	4.617219e-01	6.925819e-01	-3.837243e-01	-5.755663e-01	8.124870e-01
650	6.490054	4.577923e-01	6.866877e-01	-4.021138e-01	-6.031513e-01	8.124856e-01
651	6.500054	4.536796e-01	6.805189e-01	-4.203424e-01	-6.304950e-01	8.124840e-01
652	6.510054	4.493855e-01	6.740778e-01	-4.384041e-01	-6.575882e-01	8.124833e-01
653	6.520054	4.449115e-01	6.673671e-01	-4.562914e-01	-6.844193e-01	8.124830e-01
654	6.530055	4.402596e-01	6.603894e-01	-4.739955e-01	-7.109761e-01	8.124825e-01
655	6.540055	4.354316e-01	6.531476e-01	-4.915088e-01	-7.372469e-01	8.124809e-01
656	6.550055	4.304295e-01	6.456445e-01	-5.088255e-01	-7.632226e-01	8.124793e-01
657	6.560055	4.252551e-01	6.378831e-01	-5.259395e-01	-7.888943e-01	8.124785e-01
658	6.570055	4.199107e-01	6.298666e-01	-5.428433e-01	-8.142501e-01	8.124775e-01
659	6.580056	4.143983e-01	6.215981e-01	-5.595297e-01	-8.392781e-01	8.124754e-01
660	6.590056	4.087201e-01	6.130810e-01	-5.759925e-01	-8.639693e-01	8.124731e-01
661	6.600056	4.028784e-01	6.043187e-01	-5.922243e-01	-8.883178e-01	8.124717e-01
662	6.610056	3.968756e-01	5.953147e-01	-6.082192e-01	-9.123117e-01	8.124706e-01
663	6.620057	3.907140e-01	5.860725e-01	-6.239712e-01	-9.359390e-01	8.124689e-01
664	6.630057	3.843962e-01	5.765959e-01	-6.394729e-01	-9.591907e-01	8.124664e-01
665	6.640057	3.779246e-01	5.668887e-01	-6.547183e-01	-9.820580e-01	8.124633e-01
666	6.650057	3.713018e-01	5.569547e-01	-6.697029e-01	-1.004535e+00	8.124617e-01
667	6.660058	3.645305e-01	5.467980e-01	-6.844208e-01	-1.026610e+00	8.124602e-01
668	6.670058	3.576134e-01	5.364226e-01	-6.988645e-01	-1.048273e+00	8.124584e-01
669	6.680058	3.505532e-01	5.258325e-01	-7.130280e-01	-1.069519e+00	8.124573e-01
670	6.690058	3.433528e-01	5.150322e-01	-7.269055e-01	-1.090336e+00	8.124553e-01
671	6.700058	3.360151e-01	5.040258e-01	-7.404923e-01	-1.110716e+00	8.124530e-01
672	6.710059	3.285430e-01	4.928178e-01	-7.537842e-01	-1.130652e+00	8.124513e-01
673	6.720059	3.209394e-01	4.814128e-01	-7.667750e-01	-1.150136e+00	8.124494e-01
674	6.730059	3.132075e-01	4.698151e-01	-7.794589e-01	-1.169160e+00	8.124480e-01
675	6.740059	3.053502e-01	4.580296e-01	-7.918298e-01	-1.187718e+00	8.124469e-01
676	6.750060	2.973709e-01	4.460608e-01	-8.038834e-01	-1.205801e+00	8.124455e-01
677	6.760060	2.892726e-01	4.339136e-01	-8.156165e-01	-1.223400e+00	8.124442e-01
678	6.770060	2.810585e-01	4.215928e-01	-8.270234e-01	-1.240511e+00	8.124434e-01
679	6.780060	2.727321e-01	4.091033e-01	-8.380994e-01	-1.257126e+00	8.124425e-01
680	6.790061	2.642966e-01	3.964503e-01	-8.488402e-01	-1.273237e+00	8.124412e-01
681	6.800061	2.557553e-01	3.836386e-01	-8.592405e-01	-1.288839e+00	8.124392e-01
682	6.810061	2.471118e-01	3.706735e-01	-8.692973e-01	-1.303925e+00	8.124374e-01
683	6.820061	2.383694e-01	3.575601e-01	-8.790069e-01	-1.318489e+00	8.124357e-01
684	6.830061	2.295316e-01	3.443037e-01	-8.883648e-01	-1.332526e+00	8.124341e-01
685	6.840062	2.206021e-01	3.309096e-01	-8.973673e-01	-1.346029e+00	8.124322e-01
686	6.850062	2.115843e-01	3.173831e-01	-9.060115e-01	-1.358995e+00	8.124309e-01
687	6.860062	2.024818e-01	3.037297e-01	-9.142928e-01	-1.371418e+00	8.124303e-01
688	6.870062	1.932984e-01	2.899548e-01	-9.222083e-01	-1.383293e+00	8.124297e-01
689	6.880063	1.840377e-01	2.760638e-01	-9.297550e-01	-1.394613e+00	8.124286e-01
690	6.890063	1.747033e-01	2.620625e-01	-9.369299e-01	-1.405375e+00	8.124275e-01
691	6.900063	1.652991e-01	2.479563e-01	-9.437301e-01	-1.415576e+00	8.124267e-01
692	6.910063	1.558287e-01	2.337510e-01	-9.501525e-01	-1.425210e+00	8.124258e-01
693	6.920063	1.462960e-01	2.194521e-01	-9.561949e-01	-1.434275e+00	8.124250e-01
694	6.930064	1.367048e-01	2.050655e-01	-9.618551e-01	-1.442765e+00	8.124244e-01
695	6.940064	1.270589e-01	1.905968e-01	-9.671305e-01	-1.450679e+00	8.124236e-01
696	6.950064	1.173622e-01	1.760519e-01	-9.720188e-01	-1.458012e+00	8.124228e-01
697	6.960064	1.076185e-01	1.614366e-01	-9.765186e-01	-1.464762e+00	8.124225e-01
698	6.970065	9.783184e-02	1.467567e-01	-9.806275e-01	-1.470926e+00	8.124218e-01
699	6.980065	8.800600e-02	1.320181e-01	-9.843443e-01	-1.476501e+00	8.124210e-01
700	6.990065	7.814495e-02	1.172266e-01	-9.876673e-01	-1.481486e+00	8.124207e-01
701	7.000065	6.825265e-02	1.023883e-01	-9.905951e-01	-1.485879e+00	8.124202e-01
702	7.010066	5.833305e-02	8.750907e-02	-9.931268e-01	-1.489677e+00	8.124199e-01
703	7.020066	4.839012e-02	7.259481e-02	-9.952613e-01	-1.492879e+00	8.124196e-01
704	7.030066	3.842783e-02	5.765150e-02	-9.969976e-01	-1.495484e+00	8.124192e-01
705	7.040066	2.845016e-02	4.268514e-02	-9.983352e-01	-1.497490e+00	8.124190e-01
706	7.050066	1.846112e-02	2.770170e-02	-9.992734e-01	-1.498898e+00	8.124188e-01
707	7.060067	8.464697e-03	1.270718e-02	-9.998119e-01	-1.499706e+00	8.124188e-01
708	7.070067	-1.535115e-03	-2.292428e-03	-9.999505e-01	-1.499915e+00	8.124189e-01
709	7.080067	-1.153431e-02	-1.729112e-02	-9.996891e-01	-1.499523e+00	8.124188e-01
710	7.090067	-2.152890e-02	-3.228289e-02	-9.990277e-01	-1.498531e+00	8.124189e-01
711	7.100068	-3.151487e-02	-4.726174e-02	-9.979666e-01	-1.496941e+00	8.124191e-01
712	7.110068	-4.148823e-02	-6.222170e-02	-9.965064e-01	-1.494751e+00	8.124191e-01
713	7.120068	-5.144500e-02	-7.715676e-02	-9.946477e-01	-1.491963e+00	8.124193e-01
714	7.130068	-6.138118e-02	-9.206096e-02	-9.923915e-01	-1.488579e+00	8.124201e-01
715	7.140069	-7.129283e-02	-1.069283e-01	-9.897381e-01	-1.484599e+00	8.124205e-01
716	7.150069	-8.117595e-02	-1.217529e-01	-9.866886e-01	-1.480025e+00	8.124207e-01
717	7.160069	-9.102660e-02	-1.365288e-01	-9.832446e-01	-1.474860e+00	8.124211e-01
718	7.170069	-1.008408e-01	-1.512501e-01	-9.794071e-01	-1.469104e+00	8.124217e-01
719	7.180069	-1.106147e-01	-1.659109e-01	-9.751778e-01	-1.462761e+00	8.124222e-01
720	7.190070	-1.203444e-01	-1.805054e-01	-9.705592e-01	-1.455832e+00	8.124233e-01
721	7.200070	-1.300259e-01	-1.950276e-01	-9.655524e-01	-1.448322e+00	8.124247e-01
722	7.210070	-1.396554e-01	-2.094718e-01	-9.601586e-01	-1.440232e+00	8.124255e-01
723	7.220070	-1.492291e-01	-2.238322e-01	-9.543806e-01	-1.431566e+00	8.124264e-01
724	7.230071	-1.587431e-01	-2.381031e-01	-9.482213e-01	-1.422328e+00	8.124273e-01
725	7.240071	-1.681935e-01	-2.522788e-01	-9.416826e-01	-1.412520e+00	8.124282e-01
726	7.250071	-1.775767e-01	-2.663535e-01	-9.347670e-01	-1.402147e+00	8.124292e-01
727	7.260071	-1.868889e-01	-2.803217e-01	-9.274774e-01	-1.391214e+00	8.124305e-01
728	7.270072	-1.961263e-01	-2.941778e-01	-9.198167e-01	-1.379725e+00	8.124323e-01
729	7.280072	-2.052852e-01	-3.079162e-01	-9.117879e-01	-1.367684e+00	8.124335e-01
730	7.290072	-2.143620e-01	-3.215315e-01	-9.033948e-01	-1.355094e+00	8.124338e-01
731	7.300072	-2.233531e-01	-3.350181e-01	-8.946404e-01	-1.341961e+00	8.124342e-01
732	7.310072	-2.322548e-01	-3.483707e-01	-8.855276e-01	-1.328292e+00	8.124344e-01
733	7.320073	-2.410636e-01	-3.615839e-01	-8.760609e-01	-1.314093e+00	8.124356e-01
734	7.330073	-2.497760e-01	-3.746526e-01	-8.662440e-01	-1.299368e+00	8.124365e-01
735	7.340073	-2.583885e-01	-3.875713e-01	-8.560807e-01	-1.284122e+00	8.124373e-01
736	7.350073	-2.668976e-01	-4.003350e-01	-8.455753e-01	-1.268365e+00	8.124390e-01
737	7.360074	-2.753000e-01	-4.129386e-01	-8.347318e-01	-1.252100e+00	8.124412e-01
738	7.370074	-2.835923e-01	-4.253770e-01	-8.235544e-01	-1.235335e+00	8.124436e-01
739	7.380074	-2.917711e-01	-4.376453e-01	-8.120477e-01	-1.218075e+00	8.124456e-01
740	7.390074	-2.998332e-01	-4.497385e-01	-8.002162e-01	-1.200327e+00	8.124475e-01
741	7.400074	-3.077754e-01	-4.616518e-01	-7.880643e-01	-1.182100e+00	8.124497e-01
742	7.410075	-3.155945e-01	-4.733805e-01	-7.755965e-01	-1.163399e+00	8.124509e-01
743	7.420075	-3.232874e-01	-4.849198e-01	-7.628188e-01	-1.144233e+00	8.124526e-01
744	7.430075	-3.308509e-01	-4.962652e-01	-7.497355e-01	-1.124613e+00	8.124559e-01
745	7.440075	-3.382821e-01	-5.074121e-01	-7.363528e-01	-1.104543e+00	8.124592e-01
746	7.450076	-3.455780e-01	-5.183560e-01	-7.226765e-01	-1.084027e+00	8.124609e-01
747	7.460076	-3.527356e-01	-5.290926e-01	-7.087111e-01	-1.063076e+00	8.124617e-01
748	7.470076	-3.597522e-01	-5.396175e-01	-6.944612e-01	-1.041701e+00	8.124633e-01
749	7.480076	-3.666248e-01	-5.499266e-01	-6.799325e-01	-1.019913e+00	8.124658e-01
750	7.490077	-3.733508e-01	-5.600158e-01	-6.651327e-01	-9.977162e-01	8.124683e-01
751	7.500077	-3.799275e-01	-5.698810e-01	-6.500676e-01	-9.751201e-01	8.124710e-01
752	7.510077	-3.863522e-01	-5.795182e-01	-6.347418e-01	-9.521335e-01	8.124732e-01
753	7.520077	-3.926223e-01	-5.889236e-01	-6.191611e-01	-9.287655e-01	8.124748e-01
754	7.530077	-3.987354e-01	-5.980935e-01	-6.033331e-01	-9.050250e-01	8.124760e-01
755	7.540078	-4.046890e-01	-6.070241e-01	-5.872637e-01	-8.809209e-01	8.124765e-01
756	7.550078	-4.104807e-01	-6.157119e-01	-5.709603e-01	-8.564651e-01	8.124776e-01
757	7.560078	-4.161082e-01	-6.241534e-01	-5.544290e-01	-8.316666e-01	8.124788e-01
758	7.570078	-4.215693e-01	-6.323453e-01	-5.376756e-01	-8.065343e-01	8.124793e-01
759	7.580079	-4.268617e-01	-6.402841e-01	-5.207077e-01	-7.810801e-01	8.124803e-01
760	7.590079	-4.319834e-01	-6.479669e-01	-5.035311e-01	-7.553160e-01	8.124822e-01
761	7.600079	-4.369323e-01	-6.553904e-01	-4.861534e-01	-7.292509e-01	8.124845e-01
762	7.610079	-4.417065e-01	-6.625519e-01	-4.685819e-01	-7.028937e-01	8.124868e-01
763	7.620080	-4.463040e-01	-6.694483e-01	-4.508227e-01	-6.762534e-01	8.124883e-01
764	7.630080	-4.507229e-01	-6.760769e-01	-4.328817e-01	-6.493419e-01	8.124892e-01
765	7.640080	-4.549616e-01	-6.824352e-01	-4.147679e-01	-6.221712e-01	8.124901e-01
766	7.650080	-4.590183e-01	-6.885204e-01	-3.964886e-01	-5.947500e-01	8.124908e-01
767	7.660080	-4.628914e-01	-6.943302e-01	-3.780499e-01	-5.670905e-01	8.124911e-01
768	7.670081	-4.665793e-01	-6.998622e-01	-3.594607e-01	-5.392045e-01	8.124917e-01
769	7.680081	-4.700806e-01	-7.051142e-01	-3.407285e-01	-5.111039e-01	8.124926e-01
770	7.690081	-4.733939e-01	-7.100843e-01	-3.218591e-01	-4.828006e-01	8.124938e-01
771	7.700081	-4.765178e-01	-7.147703e-01	-3.028601e-01	-4.543036e-01	8.124947e-01
772	7.710082	-4.794511e-01	-7.191703e-01	-2.837405e-01	-4.256248e-01	8.124955e-01
773	7.720082	-4.821926e-01	-7.232828e-01	-2.645075e-01	-3.967762e-01	8.124965e-01
774	7.730082	-4.847412e-01	-7.271059e-01	-2.451688e-01	-3.677666e-01	8.124970e-01
775	7.740082	-4.870960e-01	-7.306381e-01	-2.257317e-01	-3.386110e-01	8.124976e-01
776	7.750082	-4.892558e-01	-7.338781e-01	-2.062038e-01	-3.093213e-01	8.124982e-01
777	7.760083	-4.912200e-01	-7.368245e-01	-1.865938e-01	-2.799064e-01	8.124987e-01
778	7.770083	-4.929877e-01	-7.394762e-01	-1.669094e-01	-2.503783e-01	8.124989e-01
779	7.780083	-4.945582e-01	-7.418321e-01	-1.471579e-01	-2.207518e-01	8.124994e-01
780	7.790083	-4.959309e-01	-7.438912e-01	-1.273483e-01	-1.910388e-01	8.124999e-01
781	7.800084	-4.971052e-01	-7.456529e-01	-1.074880e-01	-1.612484e-01	8.125005e-01
782	7.810084	-4.980806e-01	-7.471162e-01	-8.758456e-02	-1.313925e-01	8.125007e-01
783	7.820084	-4.988569e-01	-7.482807e-01	-6.764531e-02	-1.014829e-01	8.125009e-01
784	7.830084	-4.994335e-01	-7.491459e-01	-4.768074e-02	-7.153451e-02	8.125011e-01
785	7.840085	-4.998105e-01	-7.497114e-01	-2.769679e-02	-4.155934e-02	8.125013e-01
786	7.850085	-4.999875e-01	-7.499771e-01	-7.700920e-03	-1.156628e-02	8.125014e-01
787	7.860085	-4.999645e-01	-7.499427e-01	1.229644e-02	1.843274e-02	8.125014e-01
788	7.870085	-4.997416e-01	-7.496084e-01	3.228933e-02	4.842579e-02	8.125013e-01
789	7.880085	-4.993187e-01	-7.489742e-01	5.227029e-02	7.839799e-02	8.125012e-01
790	7.890086	-4.986961e-01	-7.480404e-01	7.223040e-02	1.083374e-01	8.125009e-01
791	7.900086	-4.978741e-01	-7.468075e-01	9.216070e-02	1.382351e-01	8.125006e-01
792	7.910086	-4.968529e-01	-7.452757e-01	1.120552e-01	1.680762e-01	8.125002e-01
793	7.920086	-4.956330e-01	-7.434459e-01	1.319051e-01	1.978487e-01	8.124997e-01
794	7.930087	-4.942148e-01	-7.413188e-01	1.517013e-01	2.275437e-01	8.124992e-01
795	7.940087	-4.925990e-01	-7.388951e-01	1.714379e-01	2.571493e-01	8.124988e-01
796	7.950087	-4.907861e-01	-7.361758e-01	1.911059e-01	2.866507e-01	8.124982e-01
797	7.960087	-4.887769e-01	-7.331620e-01	2.106965e-01	3.160357e-01	8.124973e-01
798	7.970088	-4.865721e-01	-7.298551e-01	2.302036e-01	3.452957e-01	8.124966e-01
799	7.980088	-4.841728e-01	-7.262561e-01	2.496183e-01	3.744185e-01	8.124959e-01
800	7.990088	-4.815798e-01	-7.223667e-01	2.689332e-01	4.033923e-01	8.124953e-01
801	8.000088	-4.787941e-01	-7.181883e-01	2.881408e-01	4.322052e-01	8.124948e-01
802	8.010088	-4.758170e-01	-7.137226e-01	3.072321e-01	4.608452e-01	8.124942e-01
803	8.020088	-4.726495e-01	-7.089714e-01	3.262013e-01	4.893005e-01	8.124936e-01
804	8.030088	-4.692929e-01	-7.039366e-01	3.450409e-01	5.175591e-01	8.124927e-01
805	8.040089	-4.657487e-01	-6.986202e-01	3.637418e-01	5.456090e-01	8.124913e-01
806	8.050089	-4.620181e-01	-6.930244e-01	3.822967e-01	5.734414e-01	8.124900e-01
807	8.060089	-4.581027e-01	-6.871514e-01	4.006997e-01	6.010443e-01	8.124887e-01
808	8.070089	-4.540041e-01	-6.810035e-01	4.189432e-01	6.284058e-01	8.124873e-01
809	8.080090	-4.497239e-01	-6.745833e-01	4.370183e-01	6.555170e-01	8.124860e-01
810	8.090090	-4.452637e-01	-6.678932e-01	4.549176e-01	6.823659e-01	8.124844e-01
811	8.100090	-4.406255e-01	-6.609359e-01	4.726350e-01	7.089406e-01	8.124824e-01
812	8.110090	-4.358110e-01	-6.537144e-01	4.901633e-01	7.352322e-01	8.124803e-01
813	8.120090	-4.308223e-01	-6.462313e-01	5.074948e-01	7.612318e-01	8.124789e-01
814	8.130091	-4.256611e-01	-6.384897e-01	5.246237e-01	7.869273e-01	8.124777e-01
815	8.140091	-4.203298e-01	-6.304927e-01	5.415440e-01	8.123070e-01	8.124764e-01
816	8.150091	-4.148303e-01	-6.222436e-01	5.582482e-01	8.373618e-01	8.124752e-01
817	8.160091	-4.091648e-01	-6.137455e-01	5.747288e-01	8.620828e-01	8.124744e-01
818	8.170092	-4.033357e-01	-6.050019e-01	5.909786e-01	8.864582e-01	8.124729e-01
819	8.180092	-3.973452e-01	-5.960163e-01	6.069914e-01	9.104788e-01	8.124713e-01
820	8.190092	-3.911959e-01	-5.867923e-01	6.227627e-01	9.341359e-01	8.124703e-01
821	8.200092	-3.848900e-01	-5.773336e-01	6.382853e-01	9.574175e-01	8.124685e-01
822	8.210093	-3.784302e-01	-5.676440e-01	6.535515e-01	9.803146e-01	8.124657e-01
823	8.220093	-3.718190e-01	-5.577273e-01	6.685555e-01	1.002821e+00	8.124634e-01
824	8.230093	-3.650590e-01	-5.475876e-01	6.832927e-01	1.024929e+00	8.124622e-01
825	8.240093	-3.581531e-01	-5.372288e-01	6.977573e-01	1.046625e+00	8.124606e-01
826	8.250093	-3.511039e-01	-5.266551e-01	7.119417e-01	1.067901e+00	8.124577e-01
827	8.260094	-3.439143e-01	-5.158707e-01	7.258415e-01	1.088750e+00	8.124555e-01
828	8.270094	-3.365871e-01	-5.048801e-01	7.394522e-01	1.109165e+00	8.124539e-01
829	8.280094	-3.291252e-01	-4.936875e-01	7.527664e-01	1.129135e+00	8.124518e-01
830	8.290094	-3.215317e-01	-4.822974e-01	7.657796e-01	1.148655e+00	8.124498e-01
831	8.300095	-3.138096e-01	-4.707144e-01	7.784873e-01	1.167715e+00	8.124485e-01
832	8.310095	-3.059620e-01	-4.589431e-01	7.908836e-01	1.186308e+00	8.124475e-01
833	8.320095	-2.979920e-01	-4.469882e-01	8.029640e-01	1.204427e+00	8.124463e-01
834	8.330095	-2.899027e-01	-4.348545e-01	8.147225e-01	1.222064e+00	8.124451e-01
835	8.340096	-2.816975e-01	-4.225469e-01	8.261546e-01	1.239212e+00	8.124439e-01
836	8.350096	-2.733796e-01	-4.100703e-01	8.372560e-01	1.255864e+00	8.124420e-01
837	8.360096	-2.649524e-01	-3.974296e-01	8.480221e-01	1.272014e+00	8.124403e-01
838	8.370096	-2.564192e-01	-3.846300e-01	8.584492e-01	1.287654e+00	8.124381e-01
839	8.380096	-2.477834e-01	-3.716766e-01	8.685328e-01	1.302780e+00	8.124365e-01
840	8.390097	-2.390485e-01	-3.585744e-01	8.782693e-01	1.317386e+00	8.124357e-01
841	8.400097	-2.302180e-01	-3.453288e-01	8.876547e-01	1.331465e+00	8.124349e-01
842	8.410097	-2.212954e-01	-3.319451e-01	8.966848e-01	1.345010e+00	8.124332e-01
843	8.420097	-2.122843e-01	-3.184286e-01	9.053558e-01	1.358017e+00	8.124315e-01
844	8.430098	-2.031883e-01	-3.047848e-01	9.136647e-01	1.370482e+00	8.124304e-01
845	8.440098	-1.940110e-01	-2.910190e-01	9.216085e-01	1.382399e+00	8.124294e-01
846	8.450098	-1.847561e-01	-2.771368e-01	9.291843e-01	1.393762e+00	8.124288e-01
847	8.460098	-1.754273e-01	-2.631437e-01	9.363883e-01	1.404569e+00	8.124283e-01
848	8.470098	-1.660284e-01	-2.490454e-01	9.432175e-01	1.414812e+00	8.124274e-01
849	8.480099	-1.565630e-01	-2.348475e-01	9.496697e-01	1.424490e+00	8.124263e-01
850	8.490099	-1.470350e-01	-2.205556e-01	9.557419e-01	1.433598e+00	8.124253e-01
851	8.500099	-1.374482e-01	-2.061756e-01	9.614319e-01	1.442131e+00	8.124239e-01
852	8.510099	-1.278064e-01	-1.917130e-01	9.667374e-01	1.450089e+00	8.124229e-01
853	8.520100	-1.181134e-01	-1.771738e-01	9.716560e-01	1.457466e+00	8.124222e-01
854	8.530100	-1.083732e-01	-1.625637e-01	9.761855e-01	1.464261e+00	8.124214e-01
855	8.540100	-9.858970e-02	-1.478886e-01	9.803247e-01	1.470470e+00	8.124208e-01
856	8.550100	-8.876674e-02	-1.331543e-01	9.840720e-01	1.476092e+00	8.124205e-01
857	8.560101	-7.890826e-02	-1.183667e-01	9.874254e-01	1.481122e+00	8.124201e-01
858	8.570101	-6.901823e-02	-1.035318e-01	9.903839e-01	1.485560e+00	8.124197e-01
859	8.580101	-5.910059e-02	-8.865552e-02	9.929463e-01	1.489404e+00	8.124192e-01
860	8.590101	-4.915930e-02	-7.374375e-02	9.951115e-01	1.492652e+00	8.124189e-01
861	8.600101	-3.919836e-02	-5.880249e-02	9.968786e-01	1.495303e+00	8.124187e-01
862	8.610102	-2.922173e-02	-4.383770e-02	9.982470e-01	1.497356e+00	8.124185e-01
863	8.620102	-1.923342e-02	-2.885537e-02	9.992160e-01	1.498809e+00	8.124182e-01
864	8.630102	-9.237411e-03	-1.386151e-02	9.997855e-01	1.499664e+00	8.124181e-01
865	8.640102	7.622907e-04	1.137904e-03	9.999550e-01	1.499918e+00	8.124182e-01
866	8.650103	1.076169e-02	1.613686e-02	9.997245e-01	1.499573e+00	8.124182e-01
867	8.660103	2.075678e-02	3.112936e-02	9.990942e-01	1.498628e+00	8.124185e-01
868	8.670103	3.074357e-02	4.610942e-02	9.980642e-01	1.497083e+00	8.124189e-01
869	8.680103	4.071806e-02	6.107103e-02	9.966350e-01	1.494940e+00	8.124191e-01
870	8.690104	5.067627e-02	7.600821e-02	9.948073e-01	1.492198e+00	8.124194e-01
871	8.700104	6.061421e-02	9.091499e-02	9.925817e-01	1.488860e+00	8.124200e-01
872	8.710104	7.052790e-02	1.057854e-01	9.899588e-01	1.484926e+00	8.124204e-01
873	8.720104	8.041339e-02	1.206135e-01	9.869401e-01	1.480398e+00	8.124208e-01
874	8.730104	9.026670e-02	1.353934e-01	9.835266e-01	1.475278e+00	8.124215e-01
875	8.740105	1.000839e-01	1.501191e-01	9.797197e-01	1.469567e+00	8.124223e-01
876	8.750105	1.098611e-01	1.647847e-01	9.755209e-01	1.463269e+00	8.124231e-01
877	8.760105	1.195943e-01	1.793844e-01	9.709318e-01	1.456387e+00	8.124243e-01
878	8.770105	1.292797e-01	1.939124e-01	9.659544e-01	1.448921e+00	8.124254e-01
879	8.780106	1.389134e-01	2.083629e-01	9.605907e-01	1.440876e+00	8.124266e-01
880	8.790106	1.484915e-01	2.227300e-01	9.548426e-01	1.432254e+00	8.124275e-01
881	8.800106	1.580103e-01	2.370079e-01	9.487122e-01	1.423059e+00	8.124284e-01
882	8.810106	1.674658e-01	2.511911e-01	9.422027e-01	1.413296e+00	8.124298e-01
883	8.820107	1.768543e-01	2.652739e-01	9.353169e-01	1.402968e+00	8.124320e-01
884	8.830107	1.861721e-01	2.792505e-01	9.280562e-01	1.392078e+00	8.124336e-01
885	8.840107	1.954155e-01	2.931154e-01	9.204239e-01	1.380631e+00	8.124346e-01
886	8.850107	2.045806e-01	3.068631e-01	9.124234e-01	1.368631e+00	8.124354e-01
887	8.860107	2.136639e-01	3.204881e-01	9.040587e-01	1.356083e+00	8.124357e-01
888	8.870108	2.226618e-01	3.339848e-01	8.953326e-01	1.342993e+00	8.124365e-01
889	8.880108	2.315706e-01	3.473479e-01	8.862481e-01	1.329365e+00	8.124375e-01
890	8.890108	2.403867e-01	3.605721e-01	8.768089e-01	1.315206e+00	8.124384e-01
891	8.900108	2.491067e-01	3.736520e-01	8.670189e-01	1.300521e+00	8.124393e-01
892	8.910109	2.577271e-01	3.865825e-01	8.568816e-01	1.285316e+00	8.124402e-01
893	8.920109	2.662444e-01	3.993584e-01	8.464023e-01	1.269597e+00	8.124415e-01
894	8.930109	2.746552e-01	4.119745e-01	8.355856e-01	1.253371e+00	8.124440e-01
895	8.940109	2.829561e-01	4.244258e-01	8.244336e-01	1.236643e+00	8.124455e-01
896	8.950109	2.911438e-01	4.367073e-01	8.129507e-01	1.219420e+00	8.124466e-01
897	8.960110	2.992151e-01	4.488142e-01	8.011431e-01	1.201710e+00	8.124482e-01
898	8.970110	3.071667e-01	4.607415e-01	7.890150e-01	1.183519e+00	8.124495e-01
899	8.980110	3.149954e-01	4.724846e-01	7.765710e-01	1.164854e+00	8.124503e-01
900	8.990110	3.226981e-01	4.840386e-01	7.638171e-01	1.145722e+00	8.124513e-01
901	9.000111	3.302718e-01	4.953990e-01	7.507578e-01	1.126131e+00	8.124518e-01
902	9.010111	3.377133e-01	5.065612e-01	7.373974e-01	1.106092e+00	8.124533e-01
903	9.020111	3.450197e-01	5.175208e-01	7.237419e-01	1.085612e+00	8.124555e-01
904	9.030111	3.521881e-01	5.282735e-01	7.097974e-01	1.064697e+00	8.124573e-01
905	9.040112	3.592156e-01	5.388148e-01	6.955698e-01	1.043355e+00	8.124592e-01
906	9.050112	3.660995e-01	5.491406e-01	6.810635e-01	1.021597e+00	8.124611e-01
907	9.060112	3.728369e-01	5.592467e-01	6.662846e-01	9.994298e-01	8.124630e-01
908	9.070112	3.794252e-01	5.691292e-01	6.512389e-01	9.768635e-01	8.124651e-01
909	9.080112	3.858617e-01	5.787840e-01	6.359324e-01	9.539068e-01	8.124672e-01
910	9.090113	3.921438e-01	5.882073e-01	6.203726e-01	9.305686e-01	8.124696e-01
911	9.100113	3.982691e-01	5.973954e-01	6.045654e-01	9.068578e-01	8.124722e-01
912	9.110113	4.042352e-01	6.063445e-01	5.885154e-01	8.827835e-01	8.124740e-01
913	9.120113	4.100395e-01	6.150510e-01	5.722299e-01	8.583546e-01	8.124750e-01
914	9.130114	4.156798e-01	6.235116e-01	5.557165e-01	8.335829e-01	8.124766e-01
915	9.140114	4.211538e-01	6.317227e-01	5.389795e-01	8.084804e-01	8.124789e-01
916	9.150114	4.264593e-01	6.396812e-01	5.220264e-01	7.830530e-01	8.124804e-01
917	9.160114	4.315943e-01	6.473837e-01	5.048648e-01	7.573098e-01	8.124810e-01
918	9.170115	4.365566e-01	6.548274e-01	4.875019e-01	7.312655e-01	8.124824e-01
919	9.180115	4.413444e-01	6.620091e-01	4.699439e-01	7.049292e-01	8.124840e-01
920	9.190115	4.459555e-01	6.689259e-01	4.521966e-01	6.783098e-01	8.124847e-01
921	9.200115	4.503883e-01	6.755753e-01	4.342690e-01	6.514192e-01	8.124856e-01
922	9.210115	4.546409e-01	6.819543e-01	4.161686e-01	6.242663e-01	8.124862e-01
923	9.220116	4.587117e-01	6.880606e-01	3.979012e-01	5.968660e-01	8.124874e-01
924	9.230116	4.625989e-01	6.938916e-01	3.794745e-01	5.692273e-01	8.124886e-01
925	9.240116	4.663011e-01	6.994451e-01	3.608957e-01	5.413592e-01	8.124892e-01
926	9.250116	4.698168e-01	7.047188e-01	3.421724e-01	5.132765e-01	8.124901e-01
927	9.260117	4.731446e-01	7.097107e-01	3.233135e-01	4.849881e-01	8.124913e-01
928	9.270117	4.762831e-01	7.144186e-01	3.043249e-01	4.565060e-01	8.124923e-01
929	9.280117	4.792311e-01	7.188408e-01	2.852142e-01	4.278421e-01	8.124934e-01
930	9.290117	4.819874e-01	7.229754e-01	2.659902e-01	3.990054e-01	8.124943e-01
931	9.300117	4.845509e-01	7.268209e-01	2.466589e-01	3.700078e-01	8.124947e-01
932	9.310118	4.869206e-01	7.303756e-01	2.272293e-01	3.408641e-01	8.124955e-01
933	9.320118	4.890955e-01	7.336382e-01	2.077088e-01	3.115863e-01	8.124966e-01
934	9.330118	4.910747e-01	7.366073e-01	1.881048e-01	2.821833e-01	8.124974e-01
935	9.340118	4.928576e-01	7.392818e-01	1.684263e-01	2.526671e-01	8.124983e-01
936	9.350119	4.944433e-01	7.416607e-01	1.486808e-01	2.230495e-01	8.124989e-01
937	9.360119	4.958312e-01	7.437428e-01	1.288757e-01	1.933426e-01	8.124995e-01
938	9.370119	4.970208e-01	7.455275e-01	1.090184e-01	1.635581e-01	8.125000e-01
939	9.380119	4.980116e-01	7.470140e-01	8.911788e-02	1.337081e-01	8.125004e-01
940	9.390120	4.988031e-01	7.482017e-01	6.918162e-02	1.038045e-01	8.125007e-01
941	9.400120	4.993952e-01	7.490901e-01	4.921705e-02	7.385910e-02	8.125009e-01
942	9.410120	4.997875e-01	7.496789e-01	2.923310e-02	4.388392e-02	8.125010e-01
943	9.420120	4.999799e-01	7.499678e-01	9.238720e-03	1.389086e-02	8.125011e-01
944	9.430120	4.999723e-01	7.499567e-01	-1.076013e-02	-1.610816e-02	8.125011e-01
945	9.440121	4.997647e-01	7.496456e-01	-3.075600e-02	-4.610121e-02	8.125011e-01
946	9.450121	4.993571e-01	7.490346e-01	-5.073845e-02	-7.607639e-02	8.125010e-01
947	9.460121	4.987499e-01	7.481241e-01	-7.070005e-02	-1.060218e-01	8.125009e-01
948	9.470121	4.979431e-01	7.469142e-01	-9.063333e-02	-1.359224e-01	8.125005e-01
949	9.480122	4.969372e-01	7.454056e-01	-1.105309e-01	-1.657665e-01	8.125001e-01
950	9.490122	4.957325e-01	7.435989e-01	-1.303852e-01	-1.955450e-01	8.124995e-01
951	9.500122	4.943295e-01	7.414947e-01	-1.501873e-01	-2.252460e-01	8.124991e-01
952	9.510122	4.927288e-01	7.390940e-01	-1.699284e-01	-2.548575e-01	8.124985e-01
953	9.520123	4.909309e-01	7.363976e-01	-1.896009e-01	-2.843678e-01	8.124980e-01
954	9.530123	4.889368e-01	7.334066e-01	-2.091974e-01	-3.137648e-01	8.124974e-01
955	9.540123	4.867470e-01	7.301223e-01	-2.287105e-01	-3.430367e-01	8.124968e-01
956	9.550123	4.843625e-01	7.265459e-01	-2.481326e-01	-3.721714e-01	8.124963e-01
957	9.560123	4.817843e-01	7.226788e-01	-2.674550e-01	-4.011571e-01	8.124957e-01
958	9.570124	4.790134e-01	7.185227e-01	-2.866700e-01	-4.299819e-01	8.124948e-01
959	9.580124	4.760509e-01	7.140792e-01	-3.057703e-01	-4.586339e-01	8.124937e-01
960	9.590124	4.728980e-01	7.093500e-01	-3.247485e-01	-4.871011e-01	8.124923e-01
961	9.600124	4.695560e-01	7.043372e-01	-3.435969e-01	-5.153745e-01	8.124911e-01
962	9.610125	4.660261e-01	6.990426e-01	-3.623083e-01	-5.434424e-01	8.124900e-01
963	9.620125	4.623098e-01	6.934683e-01	-3.808752e-01	-5.712926e-01	8.124890e-01
964	9.630125	4.584086e-01	6.876167e-01	-3.992900e-01	-5.989164e-01	8.124885e-01
965	9.640125	4.543240e-01	6.814900e-01	-4.175454e-01	-6.262988e-01	8.124875e-01
966	9.650126	4.500577e-01	6.750907e-01	-4.356340e-01	-6.534278e-01	8.124856e-01
967	9.660126	4.456113e-01	6.684214e-01	-4.535481e-01	-6.802976e-01	8.124844e-01
968	9.670126	4.409867e-01	6.614848e-01	-4.712805e-01	-7.068962e-01	8.124833e-01
969	9.680126	4.361857e-01	6.542835e-01	-4.888237e-01	-7.332116e-01	8.124819e-01
970	9.690126	4.312102e-01	6.468205e-01	-5.061716e-01	-7.592350e-01	8.124810e-01
971	9.700127	4.260623e-01	6.390988e-01	-5.233184e-01	-7.849544e-01	8.124803e-01
972	9.710127	4.207439e-01	6.311215e-01	-5.402550e-01	-8.103579e-01	8.124785e-01
973	9.720127	4.152572e-01	6.228917e-01	-5.569741e-01	-8.354366e-01	8.124762e-01
974	9.730127	4.096044e-01	6.144127e-01	-5.734712e-01	-8.601815e-01	8.124741e-01
975	9.740128	4.037878e-01	6.056880e-01	-5.897403e-01	-8.845836e-01	8.124730e-01
976	9.750128	3.978096e-01	5.967211e-01	-6.057724e-01	-9.086341e-01	8.124725e-01
977	9.760128	3.916723e-01	5.875154e-01	-6.215617e-01	-9.323210e-01	8.124718e-01
978	9.770128	3.853784e-01	5.780746e-01	-6.371021e-01	-9.556323e-01	8.124698e-01
979	9.780128	3.789303e-01	5.684027e-01	-6.523877e-01	-9.785593e-01	8.124668e-01
980	9.790129	3.723306e-01	5.585034e-01	-6.674126e-01	-1.001096e+00	8.124642e-01
981	9.800129	3.655820e-01	5.483808e-01	-6.821707e-01	-1.023233e+00	8.124623e-01
982	9.810129	3.586872e-01	5.380388e-01	-6.966561e-01	-1.044962e+00	8.124610e-01
983	9.820129	3.516489e-01	5.274816e-01	-7.108629e-01	-1.066273e+00	8.124600e-01
984	9.830130	3.444699e-01	5.167133e-01	-7.247850e-01	-1.087159e+00	8.124592e-01
985	9.840130	3.371532e-01	5.057384e-01	-7.384166e-01	-1.107609e+00	8.124579e-01
986	9.850130	3.297016e-01	4.945611e-01	-7.517532e-01	-1.127616e+00	8.124563e-01
987	9.860130	3.221181e-01	4.831861e-01	-7.647887e-01	-1.147170e+00	8.124543e-01
988	9.870131	3.144058e-01	4.716177e-01	-7.775187e-01	-1.166266e+00	8.124523e-01
989	9.880131	3.065678e-01	4.598607e-01	-7.899389e-01	-1.184896e+00	8.124509e-01
990	9.890131	2.986071e-01	4.479198e-01	-8.020431e-01	-1.203051e+00	8.124496e-01
991	9.900131	2.905269e-01	4.357997e-01	-8.138254e-01	-1.220726e+00	8.124480e-01
992	9.910131	2.823305e-01	4.235053e-01	-8.252814e-01	-1.237911e+00	8.124455e-01
993	9.920132	2.740213e-01	4.110415e-01	-8.364081e-01	-1.254602e+00	8.124439e-01
994	9.930132	2.656024e-01	3.984133e-01	-8.472010e-01	-1.270790e+00	8.124422e-01
995	9.940132	2.570772e-01	3.856257e-01	-8.576550e-01	-1.286471e+00	8.124408e-01
996	9.950132	2.484493e-01	3.726839e-01	-8.677654e-01	-1.301637e+00	8.124394e-01
997	9.960133	2.397219e-01	3.595929e-01	-8.775287e-01	-1.316282e+00	8.124375e-01
998	9.970133	2.308987e-01	3.463582e-01	-8.869410e-01	-1.330401e+00	8.124360e-01
999	9.980133	2.219831e-01	3.329849e-01	-8.959987e-01	-1.343988e+00	8.124348e-01
1000	9.990133	2.129787e-01	3.194785e-01	-9.046980e-01	-1.357037e+00	8.124332e-01
1001	10.000134	2.038892e-01	3.058442e-01	-9.130352e-01	-1.369543e+00	8.124321e-01
