#	t		x		y		vx		vy		Ec
1	0.000000	5.000000e-01	7.500000e-01	0.000000e+00	0.000000e+00	8.125000e-01
2	0.010000	5.000000e-01	7.500000e-01	-2.000000e-02	-3.000000e-02	8.128250e-01
3	0.020000	4.998000e-01	7.497000e-01	-4.000000e-02	-6.000000e-02	8.131501e-01
4	0.030000	4.994000e-01	7.491000e-01	-5.999200e-02	-8.998800e-02	8.134754e-01
5	0.040000	4.988001e-01	7.482002e-01	-7.996800e-02	-1.199520e-01	8.138009e-01
6	0.050000	4.980004e-01	7.470006e-01	-9.992000e-02	-1.498800e-01	8.141263e-01
7	0.060000	4.970012e-01	7.455018e-01	-1.198400e-01	-1.797600e-01	8.144519e-01
8	0.070000	4.958028e-01	7.437042e-01	-1.397201e-01	-2.095801e-01	8.147777e-01
9	0.080000	4.944056e-01	7.416084e-01	-1.595522e-01	-2.393283e-01	8.151035e-01
10	0.090000	4.928100e-01	7.392151e-01	-1.793284e-01	-2.689926e-01	8.154296e-01
11	0.100000	4.910167e-01	7.365252e-01	-1.990408e-01	-2.985612e-01	8.157558e-01
12	0.110000	4.890263e-01	7.335396e-01	-2.186815e-01	-3.280222e-01	8.160821e-01
13	0.120000	4.868395e-01	7.302594e-01	-2.382425e-01	-3.573638e-01	8.164085e-01
14	0.130000	4.844571e-01	7.266857e-01	-2.577161e-01	-3.865741e-01	8.167350e-01
15	0.140000	4.818799e-01	7.228200e-01	-2.770944e-01	-4.156416e-01	8.170618e-01
16	0.150000	4.791090e-01	7.186636e-01	-2.963696e-01	-4.445544e-01	8.173887e-01
17	0.160000	4.761453e-01	7.142180e-01	-3.155339e-01	-4.733009e-01	8.177156e-01
18	0.170000	4.729900e-01	7.094850e-01	-3.345797e-01	-5.018697e-01	8.180427e-01
19	0.180000	4.696442e-01	7.044663e-01	-3.534993e-01	-5.302491e-01	8.183699e-01
20	0.190000	4.661092e-01	6.991638e-01	-3.722851e-01	-5.584277e-01	8.186972e-01
21	0.200000	4.623863e-01	6.935795e-01	-3.909294e-01	-5.863943e-01	8.190247e-01
22	0.210000	4.584771e-01	6.877155e-01	-4.094249e-01	-6.141374e-01	8.193523e-01
23	0.220000	4.543828e-01	6.815742e-01	-4.277639e-01	-6.416460e-01	8.196800e-01
24	0.230000	4.501052e-01	6.751577e-01	-4.459392e-01	-6.689090e-01	8.200079e-01
25	0.240000	4.456458e-01	6.684687e-01	-4.639435e-01	-6.959153e-01	8.203359e-01
26	0.250000	4.410063e-01	6.615095e-01	-4.817693e-01	-7.226541e-01	8.206640e-01
27	0.260000	4.361886e-01	6.542830e-01	-4.994096e-01	-7.491145e-01	8.209924e-01
28	0.270000	4.311945e-01	6.467918e-01	-5.168571e-01	-7.752858e-01	8.213207e-01
29	0.280000	4.260260e-01	6.390390e-01	-5.341049e-01	-8.011575e-01	8.216493e-01
30	0.290000	4.206849e-01	6.310274e-01	-5.511459e-01	-8.267191e-01	8.219780e-01
31	0.300000	4.151735e-01	6.227602e-01	-5.679733e-01	-8.519602e-01	8.223068e-01
32	0.310000	4.094937e-01	6.142406e-01	-5.845802e-01	-8.768706e-01	8.226357e-01
33	0.320000	4.036479e-01	6.054720e-01	-6.009600e-01	-9.014402e-01	8.229648e-01
34	0.330000	3.976383e-01	5.964575e-01	-6.171060e-01	-9.256591e-01	8.232939e-01
35	0.340000	3.914673e-01	5.872009e-01	-6.330115e-01	-9.495174e-01	8.236233e-01
36	0.350000	3.851372e-01	5.777057e-01	-6.486702e-01	-9.730054e-01	8.239527e-01
37	0.360000	3.786505e-01	5.679757e-01	-6.640757e-01	-9.961137e-01	8.242823e-01
38	0.370000	3.720097e-01	5.580146e-01	-6.792217e-01	-1.018833e+00	8.246120e-01
39	0.380000	3.652175e-01	5.478262e-01	-6.941020e-01	-1.041153e+00	8.249419e-01
40	0.390000	3.582765e-01	5.374147e-01	-7.087107e-01	-1.063066e+00	8.252718e-01
41	0.400000	3.511893e-01	5.267840e-01	-7.230418e-01	-1.084563e+00	8.256019e-01
42	0.410000	3.439589e-01	5.159384e-01	-7.370893e-01	-1.105634e+00	8.259321e-01
43	0.420000	3.365880e-01	5.048820e-01	-7.508477e-01	-1.126272e+00	8.262625e-01
44	0.430000	3.290795e-01	4.936193e-01	-7.643112e-01	-1.146467e+00	8.265929e-01
45	0.440000	3.214364e-01	4.821547e-01	-7.774744e-01	-1.166212e+00	8.269236e-01
46	0.450000	3.136617e-01	4.704925e-01	-7.903318e-01	-1.185498e+00	8.272543e-01
47	0.460000	3.057584e-01	4.586376e-01	-8.028783e-01	-1.204318e+00	8.275852e-01
48	0.470000	2.977296e-01	4.465944e-01	-8.151087e-01	-1.222663e+00	8.279162e-01
49	0.480000	2.895785e-01	4.343677e-01	-8.270178e-01	-1.240527e+00	8.282473e-01
50	0.490000	2.813084e-01	4.219625e-01	-8.386010e-01	-1.257902e+00	8.285787e-01
51	0.500000	2.729223e-01	4.093834e-01	-8.498533e-01	-1.274780e+00	8.289101e-01
52	0.510000	2.644238e-01	3.966357e-01	-8.607702e-01	-1.291155e+00	8.292416e-01
53	0.520000	2.558161e-01	3.837241e-01	-8.713472e-01	-1.307021e+00	8.295734e-01
54	0.530000	2.471026e-01	3.706539e-01	-8.815798e-01	-1.322370e+00	8.299052e-01
55	0.540000	2.382868e-01	3.574302e-01	-8.914639e-01	-1.337196e+00	8.302372e-01
56	0.550000	2.293722e-01	3.440582e-01	-9.009954e-01	-1.351493e+00	8.305693e-01
57	0.560000	2.203622e-01	3.305433e-01	-9.101703e-01	-1.365255e+00	8.309015e-01
58	0.570000	2.112605e-01	3.168907e-01	-9.189848e-01	-1.378477e+00	8.312339e-01
59	0.580000	2.020707e-01	3.031060e-01	-9.274353e-01	-1.391153e+00	8.315665e-01
60	0.590000	1.927963e-01	2.891945e-01	-9.355181e-01	-1.403277e+00	8.318990e-01
61	0.600000	1.834412e-01	2.751617e-01	-9.432299e-01	-1.414845e+00	8.322318e-01
62	0.610000	1.740089e-01	2.610132e-01	-9.505675e-01	-1.425851e+00	8.325647e-01
63	0.620000	1.645032e-01	2.467547e-01	-9.575279e-01	-1.436292e+00	8.328977e-01
64	0.630000	1.549279e-01	2.323918e-01	-9.641080e-01	-1.446162e+00	8.332309e-01
65	0.640000	1.452868e-01	2.179302e-01	-9.703051e-01	-1.455458e+00	8.335642e-01
66	0.650000	1.355838e-01	2.033756e-01	-9.761165e-01	-1.464175e+00	8.338976e-01
67	0.660000	1.258226e-01	1.887339e-01	-9.815399e-01	-1.472310e+00	8.342312e-01
68	0.670000	1.160072e-01	1.740108e-01	-9.865728e-01	-1.479859e+00	8.345649e-01
69	0.680000	1.061415e-01	1.592122e-01	-9.912131e-01	-1.486820e+00	8.348987e-01
70	0.690000	9.622934e-02	1.443440e-01	-9.954587e-01	-1.493188e+00	8.352327e-01
71	0.700000	8.627476e-02	1.294121e-01	-9.993079e-01	-1.498962e+00	8.355668e-01
72	0.710000	7.628168e-02	1.144224e-01	-1.002759e+00	-1.504139e+00	8.359009e-01
73	0.720000	6.625409e-02	9.938106e-02	-1.005810e+00	-1.508716e+00	8.362353e-01
74	0.730000	5.619599e-02	8.429390e-02	-1.008460e+00	-1.512691e+00	8.365698e-01
75	0.740000	4.611139e-02	6.916700e-02	-1.010708e+00	-1.516062e+00	8.369044e-01
76	0.750000	3.600431e-02	5.400637e-02	-1.012552e+00	-1.518829e+00	8.372392e-01
77	0.760000	2.587878e-02	3.881808e-02	-1.013993e+00	-1.520990e+00	8.375741e-01
78	0.770000	1.573886e-02	2.360819e-02	-1.015028e+00	-1.522542e+00	8.379091e-01
79	0.780000	5.588579e-03	8.382764e-03	-1.015657e+00	-1.523487e+00	8.382443e-01
80	0.790000	-4.567994e-03	-6.852102e-03	-1.015881e+00	-1.523822e+00	8.385797e-01
81	0.800000	-1.472680e-02	-2.209032e-02	-1.015698e+00	-1.523548e+00	8.389151e-01
82	0.810000	-2.488378e-02	-3.732580e-02	-1.015109e+00	-1.522664e+00	8.392506e-01
83	0.820000	-3.503487e-02	-5.255244e-02	-1.014114e+00	-1.521171e+00	8.395864e-01
84	0.830000	-4.517601e-02	-6.776416e-02	-1.012712e+00	-1.519069e+00	8.399222e-01
85	0.839999	-5.530313e-02	-8.295485e-02	-1.010905e+00	-1.516359e+00	8.402581e-01
86	0.849999	-6.541218e-02	-9.811843e-02	-1.008693e+00	-1.513040e+00	8.405942e-01
87	0.859999	-7.549911e-02	-1.132488e-01	-1.006076e+00	-1.509116e+00	8.409305e-01
88	0.869999	-8.555987e-02	-1.283400e-01	-1.003057e+00	-1.504586e+00	8.412668e-01
89	0.879999	-9.559044e-02	-1.433858e-01	-9.996341e-01	-1.499452e+00	8.416033e-01
90	0.889999	-1.055868e-01	-1.583804e-01	-9.958105e-01	-1.493717e+00	8.419400e-01
91	0.899999	-1.155449e-01	-1.733175e-01	-9.915870e-01	-1.487381e+00	8.422767e-01
92	0.909999	-1.254608e-01	-1.881913e-01	-9.869652e-01	-1.480449e+00	8.426136e-01
93	0.919999	-1.353304e-01	-2.029958e-01	-9.819468e-01	-1.472921e+00	8.429506e-01
94	0.929999	-1.451499e-01	-2.177250e-01	-9.765336e-01	-1.464801e+00	8.432878e-01
95	0.939999	-1.549152e-01	-2.323730e-01	-9.707276e-01	-1.456092e+00	8.436251e-01
96	0.949999	-1.646225e-01	-2.469340e-01	-9.645310e-01	-1.446797e+00	8.439626e-01
97	0.959999	-1.742678e-01	-2.614020e-01	-9.579461e-01	-1.436920e+00	8.443002e-01
98	0.969999	-1.838473e-01	-2.757711e-01	-9.509754e-01	-1.426464e+00	8.446380e-01
99	0.979999	-1.933570e-01	-2.900358e-01	-9.436215e-01	-1.415433e+00	8.449759e-01
100	0.989999	-2.027932e-01	-3.041901e-01	-9.358872e-01	-1.403832e+00	8.453138e-01
101	0.999999	-2.121521e-01	-3.182285e-01	-9.277755e-01	-1.391664e+00	8.456520e-01
102	1.009999	-2.214299e-01	-3.321451e-01	-9.192894e-01	-1.378935e+00	8.459903e-01
103	1.019999	-2.306228e-01	-3.459345e-01	-9.104322e-01	-1.365649e+00	8.463287e-01
104	1.029999	-2.397271e-01	-3.595909e-01	-9.012073e-01	-1.351812e+00	8.466672e-01
105	1.039999	-2.487392e-01	-3.731091e-01	-8.916183e-01	-1.337428e+00	8.470058e-01
106	1.049999	-2.576554e-01	-3.864833e-01	-8.816687e-01	-1.322504e+00	8.473446e-01
107	1.059999	-2.664720e-01	-3.997084e-01	-8.713624e-01	-1.307045e+00	8.476835e-01
108	1.069999	-2.751857e-01	-4.127788e-01	-8.607036e-01	-1.291056e+00	8.480227e-01
109	1.079999	-2.837927e-01	-4.256894e-01	-8.496962e-01	-1.274545e+00	8.483618e-01
110	1.089999	-2.922897e-01	-4.384348e-01	-8.383445e-01	-1.257517e+00	8.487012e-01
111	1.099999	-3.006731e-01	-4.510100e-01	-8.266529e-01	-1.239980e+00	8.490407e-01
112	1.109999	-3.089397e-01	-4.634098e-01	-8.146260e-01	-1.221940e+00	8.493803e-01
113	1.119999	-3.170859e-01	-4.756292e-01	-8.022684e-01	-1.203403e+00	8.497200e-01
114	1.129999	-3.251086e-01	-4.876632e-01	-7.895849e-01	-1.184378e+00	8.500599e-01
115	1.139999	-3.330045e-01	-4.995070e-01	-7.765806e-01	-1.164871e+00	8.503999e-01
116	1.149999	-3.407703e-01	-5.111557e-01	-7.632604e-01	-1.144891e+00	8.507400e-01
117	1.159999	-3.484029e-01	-5.226046e-01	-7.496296e-01	-1.124445e+00	8.510803e-01
118	1.169999	-3.558992e-01	-5.338491e-01	-7.356935e-01	-1.103541e+00	8.514208e-01
119	1.179999	-3.632561e-01	-5.448845e-01	-7.214575e-01	-1.082187e+00	8.517613e-01
120	1.189999	-3.704707e-01	-5.557064e-01	-7.069272e-01	-1.060391e+00	8.521020e-01
121	1.199999	-3.775400e-01	-5.663103e-01	-6.921084e-01	-1.038163e+00	8.524429e-01
122	1.209999	-3.844610e-01	-5.766919e-01	-6.770068e-01	-1.015511e+00	8.527839e-01
123	1.219999	-3.912311e-01	-5.868470e-01	-6.616284e-01	-9.924430e-01	8.531250e-01
124	1.229999	-3.978474e-01	-5.967714e-01	-6.459791e-01	-9.689692e-01	8.534662e-01
125	1.239999	-4.043072e-01	-6.064611e-01	-6.300652e-01	-9.450983e-01	8.538077e-01
126	1.249999	-4.106079e-01	-6.159121e-01	-6.138929e-01	-9.208398e-01	8.541492e-01
127	1.259999	-4.167468e-01	-6.251205e-01	-5.974686e-01	-8.962033e-01	8.544908e-01
128	1.269999	-4.227215e-01	-6.340825e-01	-5.807987e-01	-8.711985e-01	8.548325e-01
129	1.279999	-4.285295e-01	-6.427945e-01	-5.638899e-01	-8.458352e-01	8.551745e-01
130	1.289999	-4.341684e-01	-6.512529e-01	-5.467487e-01	-8.201234e-01	8.555166e-01
131	1.299999	-4.396358e-01	-6.594541e-01	-5.293820e-01	-7.940733e-01	8.558589e-01
132	1.309999	-4.449297e-01	-6.673948e-01	-5.117965e-01	-7.676952e-01	8.562012e-01
133	1.319999	-4.500476e-01	-6.750718e-01	-4.939994e-01	-7.409994e-01	8.565437e-01
134	1.329999	-4.549876e-01	-6.824818e-01	-4.759974e-01	-7.139965e-01	8.568862e-01
135	1.339999	-4.597476e-01	-6.896217e-01	-4.577979e-01	-6.866972e-01	8.572291e-01
136	1.349999	-4.643255e-01	-6.964887e-01	-4.394080e-01	-6.591124e-01	8.575720e-01
137	1.359999	-4.687196e-01	-7.030799e-01	-4.208350e-01	-6.312528e-01	8.579150e-01
138	1.369999	-4.729280e-01	-7.093924e-01	-4.020862e-01	-6.031296e-01	8.582581e-01
139	1.379999	-4.769489e-01	-7.154237e-01	-3.831691e-01	-5.747539e-01	8.586015e-01
140	1.389999	-4.807805e-01	-7.211713e-01	-3.640912e-01	-5.461370e-01	8.589449e-01
141	1.399999	-4.844215e-01	-7.266327e-01	-3.448599e-01	-5.172901e-01	8.592885e-01
142	1.409999	-4.878701e-01	-7.318056e-01	-3.254831e-01	-4.882248e-01	8.596323e-01
143	1.419999	-4.911249e-01	-7.366878e-01	-3.059683e-01	-4.589526e-01	8.599762e-01
144	1.429999	-4.941846e-01	-7.412773e-01	-2.863233e-01	-4.294851e-01	8.603201e-01
145	1.439999	-4.970478e-01	-7.455722e-01	-2.665559e-01	-3.998339e-01	8.606642e-01
146	1.449999	-4.997134e-01	-7.495705e-01	-2.466740e-01	-3.700111e-01	8.610085e-01
147	1.459999	-5.021801e-01	-7.532707e-01	-2.266855e-01	-3.400282e-01	8.613529e-01
148	1.469999	-5.044470e-01	-7.566710e-01	-2.065983e-01	-3.098974e-01	8.616976e-01
149	1.479999	-5.065129e-01	-7.597699e-01	-1.864204e-01	-2.796305e-01	8.620421e-01
150	1.489999	-5.083771e-01	-7.625662e-01	-1.661599e-01	-2.492397e-01	8.623869e-01
151	1.499999	-5.100387e-01	-7.650586e-01	-1.458248e-01	-2.187371e-01	8.627318e-01
152	1.509999	-5.114970e-01	-7.672459e-01	-1.254232e-01	-1.881348e-01	8.630769e-01
153	1.519999	-5.127512e-01	-7.691273e-01	-1.049634e-01	-1.574449e-01	8.634222e-01
154	1.529999	-5.138009e-01	-7.707018e-01	-8.445331e-02	-1.266798e-01	8.637676e-01
155	1.539999	-5.146454e-01	-7.719685e-01	-6.390128e-02	-9.585176e-02	8.641130e-01
156	1.549999	-5.152844e-01	-7.729270e-01	-4.331547e-02	-6.497303e-02	8.644587e-01
157	1.559999	-5.157176e-01	-7.735768e-01	-2.270409e-02	-3.405594e-02	8.648044e-01
158	1.569999	-5.159446e-01	-7.739174e-01	-2.075389e-03	-3.112873e-03	8.651505e-01
159	1.579999	-5.159653e-01	-7.739485e-01	1.856240e-02	2.784382e-02	8.654965e-01
160	1.589999	-5.157797e-01	-7.736701e-01	3.920101e-02	5.880176e-02	8.658427e-01
161	1.599999	-5.153877e-01	-7.730821e-01	5.983219e-02	8.974856e-02	8.661891e-01
162	1.609999	-5.147894e-01	-7.721846e-01	8.044770e-02	1.206718e-01	8.665356e-01
163	1.619999	-5.139849e-01	-7.709779e-01	1.010393e-01	1.515592e-01	8.668823e-01
164	1.629999	-5.129745e-01	-7.694623e-01	1.215987e-01	1.823983e-01	8.672290e-01
165	1.639999	-5.117585e-01	-7.676384e-01	1.421176e-01	2.131768e-01	8.675759e-01
166	1.649999	-5.103374e-01	-7.655066e-01	1.625880e-01	2.438824e-01	8.679230e-01
167	1.659999	-5.087115e-01	-7.630678e-01	1.830015e-01	2.745027e-01	8.682700e-01
168	1.669999	-5.068814e-01	-7.603227e-01	2.033499e-01	3.050254e-01	8.686174e-01
169	1.679999	-5.048479e-01	-7.572725e-01	2.236252e-01	3.354383e-01	8.689648e-01
170	1.689999	-5.026117e-01	-7.539181e-01	2.438191e-01	3.657292e-01	8.693125e-01
171	1.699999	-5.001735e-01	-7.502608e-01	2.639236e-01	3.958859e-01	8.696601e-01
172	1.709999	-4.975343e-01	-7.463019e-01	2.839305e-01	4.258963e-01	8.700080e-01
173	1.719999	-4.946950e-01	-7.420430e-01	3.038319e-01	4.557484e-01	8.703560e-01
174	1.729999	-4.916567e-01	-7.374855e-01	3.236197e-01	4.854302e-01	8.707041e-01
175	1.739999	-4.884205e-01	-7.326311e-01	3.432859e-01	5.149296e-01	8.710524e-01
176	1.749999	-4.849876e-01	-7.274818e-01	3.628228e-01	5.442348e-01	8.714008e-01
177	1.759999	-4.813594e-01	-7.220395e-01	3.822223e-01	5.733341e-01	8.717494e-01
178	1.769999	-4.775371e-01	-7.163062e-01	4.014767e-01	6.022156e-01	8.720981e-01
179	1.779999	-4.735224e-01	-7.102841e-01	4.205781e-01	6.308679e-01	8.724469e-01
180	1.789999	-4.693166e-01	-7.039754e-01	4.395190e-01	6.592793e-01	8.727959e-01
181	1.799999	-4.649214e-01	-6.973826e-01	4.582917e-01	6.874383e-01	8.731450e-01
182	1.809999	-4.603385e-01	-6.905082e-01	4.768885e-01	7.153336e-01	8.734943e-01
183	1.819999	-4.555696e-01	-6.833549e-01	4.953021e-01	7.429539e-01	8.738437e-01
184	1.829999	-4.506166e-01	-6.759253e-01	5.135249e-01	7.702881e-01	8.741933e-01
185	1.839999	-4.454813e-01	-6.682224e-01	5.315496e-01	7.973251e-01	8.745429e-01
186	1.849999	-4.401658e-01	-6.602492e-01	5.493688e-01	8.240540e-01	8.748927e-01
187	1.859999	-4.346721e-01	-6.520087e-01	5.669754e-01	8.504640e-01	8.752427e-01
188	1.869999	-4.290024e-01	-6.435040e-01	5.843623e-01	8.765444e-01	8.755928e-01
189	1.879999	-4.231588e-01	-6.347386e-01	6.015224e-01	9.022845e-01	8.759431e-01
190	1.889999	-4.171436e-01	-6.257157e-01	6.184488e-01	9.276741e-01	8.762934e-01
191	1.899999	-4.109591e-01	-6.164390e-01	6.351345e-01	9.527027e-01	8.766440e-01
192	1.909999	-4.046077e-01	-6.069120e-01	6.515729e-01	9.773602e-01	8.769946e-01
193	1.919999	-3.980920e-01	-5.971383e-01	6.677572e-01	1.001637e+00	8.773454e-01
194	1.929999	-3.914144e-01	-5.871220e-01	6.836809e-01	1.025522e+00	8.776963e-01
195	1.939999	-3.845776e-01	-5.768667e-01	6.993375e-01	1.049007e+00	8.780473e-01
196	1.949998	-3.775842e-01	-5.663767e-01	7.147206e-01	1.072082e+00	8.783985e-01
197	1.959998	-3.704371e-01	-5.556559e-01	7.298239e-01	1.094737e+00	8.787500e-01
198	1.969998	-3.631388e-01	-5.447085e-01	7.446414e-01	1.116963e+00	8.791015e-01
199	1.979998	-3.556924e-01	-5.335389e-01	7.591670e-01	1.138751e+00	8.794532e-01
200	1.989998	-3.481008e-01	-5.221514e-01	7.733946e-01	1.160093e+00	8.798049e-01
201	1.999998	-3.403668e-01	-5.105505e-01	7.873186e-01	1.180979e+00	8.801568e-01
202	2.009999	-3.324936e-01	-4.987407e-01	8.009333e-01	1.201401e+00	8.805088e-01
203	2.019999	-3.244843e-01	-4.867267e-01	8.142331e-01	1.221351e+00	8.808611e-01
204	2.029999	-3.163420e-01	-4.745132e-01	8.272125e-01	1.240820e+00	8.812134e-01
205	2.039999	-3.080699e-01	-4.621050e-01	8.398662e-01	1.259800e+00	8.815659e-01
206	2.049999	-2.996712e-01	-4.495070e-01	8.521889e-01	1.278284e+00	8.819185e-01
207	2.059999	-2.911493e-01	-4.367242e-01	8.641758e-01	1.296265e+00	8.822714e-01
208	2.069999	-2.825076e-01	-4.237615e-01	8.758218e-01	1.313734e+00	8.826243e-01
209	2.079998	-2.737494e-01	-4.106242e-01	8.871221e-01	1.330684e+00	8.829774e-01
210	2.089998	-2.648781e-01	-3.973173e-01	8.980721e-01	1.347109e+00	8.833306e-01
211	2.099998	-2.558974e-01	-3.838463e-01	9.086672e-01	1.363002e+00	8.836840e-01
212	2.109998	-2.468107e-01	-3.702163e-01	9.189031e-01	1.378356e+00	8.840374e-01
213	2.119998	-2.376217e-01	-3.564327e-01	9.287755e-01	1.393164e+00	8.843910e-01
214	2.129998	-2.283340e-01	-3.425011e-01	9.382804e-01	1.407422e+00	8.847448e-01
215	2.139998	-2.189512e-01	-3.284269e-01	9.474137e-01	1.421122e+00	8.850986e-01
216	2.149998	-2.094770e-01	-3.142157e-01	9.561718e-01	1.434259e+00	8.854527e-01
217	2.159998	-1.999153e-01	-2.998731e-01	9.645509e-01	1.446827e+00	8.858069e-01
218	2.169998	-1.902698e-01	-2.854048e-01	9.725475e-01	1.458822e+00	8.861613e-01
219	2.179998	-1.805443e-01	-2.708166e-01	9.801583e-01	1.470238e+00	8.865157e-01
220	2.189998	-1.707427e-01	-2.561142e-01	9.873801e-01	1.481071e+00	8.868703e-01
221	2.199998	-1.608689e-01	-2.413035e-01	9.942098e-01	1.491316e+00	8.872252e-01
222	2.209998	-1.509268e-01	-2.263903e-01	1.000645e+00	1.500968e+00	8.875799e-01
223	2.219998	-1.409204e-01	-2.113806e-01	1.006682e+00	1.510023e+00	8.879351e-01
224	2.229998	-1.308535e-01	-1.962804e-01	1.012318e+00	1.518479e+00	8.882902e-01
225	2.239998	-1.207304e-01	-1.810956e-01	1.017553e+00	1.526330e+00	8.886456e-01
226	2.249998	-1.105548e-01	-1.658323e-01	1.022382e+00	1.533574e+00	8.890011e-01
227	2.259998	-1.003310e-01	-1.504966e-01	1.026804e+00	1.540207e+00	8.893567e-01
228	2.269998	-9.006298e-02	-1.350945e-01	1.030817e+00	1.546227e+00	8.897124e-01
229	2.279998	-7.975480e-02	-1.196322e-01	1.034420e+00	1.551631e+00	8.900682e-01
230	2.289998	-6.941060e-02	-1.041159e-01	1.037610e+00	1.556416e+00	8.904243e-01
231	2.299998	-5.903450e-02	-8.855176e-02	1.040386e+00	1.560581e+00	8.907804e-01
232	2.309998	-4.863064e-02	-7.294595e-02	1.042748e+00	1.564123e+00	8.911368e-01
233	2.319998	-3.820316e-02	-5.730473e-02	1.044693e+00	1.567041e+00	8.914933e-01
234	2.329998	-2.775623e-02	-4.163432e-02	1.046221e+00	1.569333e+00	8.918498e-01
235	2.339998	-1.729402e-02	-2.594099e-02	1.047331e+00	1.570998e+00	8.922065e-01
236	2.349998	-6.820705e-03	-1.023101e-02	1.048023e+00	1.572036e+00	8.925635e-01
237	2.359998	3.659526e-03	5.489346e-03	1.048296e+00	1.572445e+00	8.929204e-01
238	2.369998	1.414249e-02	2.121380e-02	1.048150e+00	1.572225e+00	8.932776e-01
239	2.379998	2.462398e-02	3.693605e-02	1.047584e+00	1.571377e+00	8.936350e-01
240	2.389998	3.509982e-02	5.264982e-02	1.046599e+00	1.569899e+00	8.939925e-01
241	2.399998	4.556581e-02	6.834881e-02	1.045195e+00	1.567793e+00	8.943500e-01
242	2.409998	5.601776e-02	8.402675e-02	1.043372e+00	1.565060e+00	8.947078e-01
243	2.419998	6.645148e-02	9.967734e-02	1.041132e+00	1.561698e+00	8.950657e-01
244	2.429998	7.686280e-02	1.152943e-01	1.038474e+00	1.557711e+00	8.954238e-01
245	2.439998	8.724754e-02	1.308714e-01	1.035399e+00	1.553100e+00	8.957819e-01
246	2.449998	9.760153e-02	1.464024e-01	1.031909e+00	1.547865e+00	8.961403e-01
247	2.459998	1.079206e-01	1.618811e-01	1.028005e+00	1.542009e+00	8.964987e-01
248	2.469998	1.182007e-01	1.773011e-01	1.023688e+00	1.535533e+00	8.968573e-01
249	2.479998	1.284375e-01	1.926565e-01	1.018960e+00	1.528441e+00	8.972161e-01
250	2.489998	1.386272e-01	2.079409e-01	1.013823e+00	1.520735e+00	8.975750e-01
251	2.499998	1.487654e-01	2.231482e-01	1.008278e+00	1.512418e+00	8.979340e-01
252	2.509998	1.588482e-01	2.382724e-01	1.002327e+00	1.503492e+00	8.982931e-01
253	2.519998	1.688714e-01	2.533073e-01	9.959733e-01	1.493961e+00	8.986525e-01
254	2.529998	1.788312e-01	2.682469e-01	9.892184e-01	1.483828e+00	8.990120e-01
255	2.539998	1.887233e-01	2.830852e-01	9.820651e-01	1.473099e+00	8.993715e-01
256	2.549998	1.985440e-01	2.978162e-01	9.745162e-01	1.461775e+00	8.997313e-01
257	2.559998	2.082892e-01	3.124340e-01	9.665744e-01	1.449862e+00	9.000911e-01
258	2.569998	2.179549e-01	3.269326e-01	9.582429e-01	1.437365e+00	9.004512e-01
259	2.579998	2.275373e-01	3.413062e-01	9.495247e-01	1.424288e+00	9.008114e-01
260	2.589998	2.370326e-01	3.555491e-01	9.404232e-01	1.410636e+00	9.011717e-01
261	2.599998	2.464368e-01	3.696555e-01	9.309419e-01	1.396414e+00	9.015323e-01
262	2.609998	2.557462e-01	3.836196e-01	9.210844e-01	1.381627e+00	9.018929e-01
263	2.619998	2.649571e-01	3.974359e-01	9.108546e-01	1.366283e+00	9.022536e-01
264	2.629998	2.740656e-01	4.110987e-01	9.002563e-01	1.350385e+00	9.026146e-01
265	2.639998	2.830682e-01	4.246026e-01	8.892937e-01	1.333941e+00	9.029757e-01
266	2.649998	2.919611e-01	4.379420e-01	8.779709e-01	1.316957e+00	9.033368e-01
267	2.659998	3.007408e-01	4.511116e-01	8.662925e-01	1.299440e+00	9.036981e-01
268	2.669998	3.094037e-01	4.641060e-01	8.542628e-01	1.281395e+00	9.040596e-01
269	2.679998	3.179463e-01	4.769199e-01	8.418867e-01	1.262831e+00	9.044212e-01
270	2.689998	3.263652e-01	4.895482e-01	8.291689e-01	1.243754e+00	9.047830e-01
271	2.699998	3.346569e-01	5.019858e-01	8.161142e-01	1.224172e+00	9.051449e-01
272	2.709998	3.428180e-01	5.142275e-01	8.027280e-01	1.204093e+00	9.055070e-01
273	2.719998	3.508453e-01	5.262684e-01	7.890153e-01	1.183524e+00	9.058692e-01
274	2.729998	3.587355e-01	5.381036e-01	7.749815e-01	1.162473e+00	9.062316e-01
275	2.739998	3.664853e-01	5.497284e-01	7.606321e-01	1.140949e+00	9.065941e-01
276	2.749998	3.740916e-01	5.611379e-01	7.459727e-01	1.118960e+00	9.069567e-01
277	2.759998	3.815514e-01	5.723274e-01	7.310090e-01	1.096514e+00	9.073195e-01
278	2.769998	3.888614e-01	5.832926e-01	7.157469e-01	1.073621e+00	9.076824e-01
279	2.779998	3.960189e-01	5.940288e-01	7.001925e-01	1.050289e+00	9.080455e-01
280	2.789998	4.030209e-01	6.045317e-01	6.843517e-01	1.026528e+00	9.084086e-01
281	2.799998	4.098644e-01	6.147970e-01	6.682308e-01	1.002347e+00	9.087721e-01
282	2.809998	4.165467e-01	6.248205e-01	6.518363e-01	9.777550e-01	9.091356e-01
283	2.819998	4.230650e-01	6.345980e-01	6.351744e-01	9.527622e-01	9.094992e-01
284	2.829998	4.294168e-01	6.441256e-01	6.182518e-01	9.273783e-01	9.098630e-01
285	2.839998	4.355993e-01	6.533994e-01	6.010751e-01	9.016133e-01	9.102270e-01
286	2.849998	4.416100e-01	6.624156e-01	5.836511e-01	8.754773e-01	9.105911e-01
287	2.859998	4.474466e-01	6.711704e-01	5.659868e-01	8.489807e-01	9.109553e-01
288	2.869998	4.531064e-01	6.796601e-01	5.480889e-01	8.221338e-01	9.113197e-01
289	2.879998	4.585873e-01	6.878815e-01	5.299646e-01	7.949474e-01	9.116842e-01
290	2.889998	4.638870e-01	6.958309e-01	5.116211e-01	7.674322e-01	9.120489e-01
291	2.899998	4.690032e-01	7.035053e-01	4.930656e-01	7.395990e-01	9.124138e-01
292	2.909998	4.739338e-01	7.109013e-01	4.743055e-01	7.114588e-01	9.127787e-01
293	2.919998	4.786769e-01	7.180158e-01	4.553482e-01	6.830227e-01	9.131438e-01
294	2.929998	4.832304e-01	7.248461e-01	4.362011e-01	6.543021e-01	9.135091e-01
295	2.939998	4.875924e-01	7.313891e-01	4.168719e-01	6.253083e-01	9.138746e-01
296	2.949998	4.917611e-01	7.376422e-01	3.973682e-01	5.960527e-01	9.142400e-01
297	2.959998	4.957348e-01	7.436027e-01	3.776977e-01	5.665470e-01	9.146057e-01
298	2.969998	4.995118e-01	7.492682e-01	3.578683e-01	5.368029e-01	9.149716e-01
299	2.979998	5.030904e-01	7.546362e-01	3.378879e-01	5.068322e-01	9.153376e-01
300	2.989998	5.064693e-01	7.597045e-01	3.177643e-01	4.766468e-01	9.157037e-01
301	2.999998	5.096470e-01	7.644710e-01	2.975055e-01	4.462586e-01	9.160700e-01
302	3.009998	5.126220e-01	7.689336e-01	2.771196e-01	4.156798e-01	9.164364e-01
303	3.019998	5.153932e-01	7.730904e-01	2.566147e-01	3.849224e-01	9.168030e-01
304	3.029998	5.179594e-01	7.769396e-01	2.359990e-01	3.539988e-01	9.171697e-01
305	3.039998	5.203193e-01	7.804796e-01	2.152806e-01	3.229212e-01	9.175365e-01
306	3.049998	5.224721e-01	7.837088e-01	1.944678e-01	2.917020e-01	9.179035e-01
307	3.059998	5.244168e-01	7.866257e-01	1.735689e-01	2.603537e-01	9.182706e-01
308	3.069998	5.261525e-01	7.892293e-01	1.525923e-01	2.288887e-01	9.186379e-01
309	3.079998	5.276784e-01	7.915182e-01	1.315462e-01	1.973195e-01	9.190053e-01
310	3.089998	5.289939e-01	7.934914e-01	1.104390e-01	1.656588e-01	9.193730e-01
311	3.099998	5.300983e-01	7.951480e-01	8.927926e-02	1.339191e-01	9.197408e-01
312	3.109998	5.309911e-01	7.964872e-01	6.807533e-02	1.021132e-01	9.201087e-01
313	3.119998	5.316719e-01	7.975083e-01	4.683568e-02	7.025371e-02	9.204768e-01
314	3.129997	5.321403e-01	7.982109e-01	2.556881e-02	3.835338e-02	9.208450e-01
315	3.139997	5.323960e-01	7.985944e-01	4.283199e-03	6.424949e-03	9.212134e-01
316	3.149997	5.324388e-01	7.986587e-01	-1.701264e-02	-2.551883e-02	9.215819e-01
317	3.159997	5.322687e-01	7.984035e-01	-3.831019e-02	-5.746517e-02	9.219506e-01
318	3.169997	5.318856e-01	7.978289e-01	-5.960094e-02	-8.940131e-02	9.223195e-01
319	3.179997	5.312896e-01	7.969348e-01	-8.087637e-02	-1.213145e-01	9.226883e-01
320	3.189997	5.304809e-01	7.957217e-01	-1.021280e-01	-1.531919e-01	9.230574e-01
321	3.199997	5.294596e-01	7.941898e-01	-1.233472e-01	-1.850207e-01	9.234268e-01
322	3.209997	5.282261e-01	7.923396e-01	-1.445256e-01	-2.167883e-01	9.237962e-01
323	3.219997	5.267809e-01	7.901717e-01	-1.656546e-01	-2.484819e-01	9.241657e-01
324	3.229997	5.251244e-01	7.876869e-01	-1.867259e-01	-2.800888e-01	9.245355e-01
325	3.239997	5.232571e-01	7.848861e-01	-2.077308e-01	-3.115963e-01	9.249052e-01
326	3.249997	5.211799e-01	7.817701e-01	-2.286611e-01	-3.429917e-01	9.252753e-01
327	3.259997	5.188932e-01	7.783402e-01	-2.495083e-01	-3.742625e-01	9.256454e-01
328	3.269997	5.163981e-01	7.745976e-01	-2.702641e-01	-4.053961e-01	9.260156e-01
329	3.279997	5.136955e-01	7.705436e-01	-2.909200e-01	-4.363800e-01	9.263860e-01
330	3.289997	5.107863e-01	7.661799e-01	-3.114678e-01	-4.672018e-01	9.267567e-01
331	3.299997	5.076716e-01	7.615079e-01	-3.318993e-01	-4.978490e-01	9.271274e-01
332	3.309997	5.043526e-01	7.565294e-01	-3.522061e-01	-5.283093e-01	9.274983e-01
333	3.319997	5.008306e-01	7.512463e-01	-3.723802e-01	-5.585704e-01	9.278692e-01
334	3.329997	4.971068e-01	7.456605e-01	-3.924134e-01	-5.886203e-01	9.282403e-01
335	3.339997	4.931827e-01	7.397743e-01	-4.122977e-01	-6.184467e-01	9.286116e-01
336	3.349997	4.890597e-01	7.335899e-01	-4.320250e-01	-6.480377e-01	9.289831e-01
337	3.359997	4.847394e-01	7.271095e-01	-4.515874e-01	-6.773813e-01	9.293547e-01
338	3.369997	4.802235e-01	7.203357e-01	-4.709770e-01	-7.064657e-01	9.297264e-01
339	3.379997	4.755138e-01	7.132710e-01	-4.901859e-01	-7.352791e-01	9.300983e-01
340	3.389997	4.706119e-01	7.059183e-01	-5.092065e-01	-7.638099e-01	9.304703e-01
341	3.399997	4.655198e-01	6.982802e-01	-5.280309e-01	-7.920467e-01	9.308425e-01
342	3.409997	4.602395e-01	6.903597e-01	-5.466517e-01	-8.199779e-01	9.312149e-01
343	3.419997	4.547730e-01	6.821600e-01	-5.650613e-01	-8.475923e-01	9.315875e-01
344	3.429997	4.491224e-01	6.736841e-01	-5.832523e-01	-8.748787e-01	9.319601e-01
345	3.439997	4.432899e-01	6.649353e-01	-6.012172e-01	-9.018261e-01	9.323330e-01
346	3.449997	4.372777e-01	6.559170e-01	-6.189488e-01	-9.284235e-01	9.327059e-01
347	3.459997	4.310882e-01	6.466328e-01	-6.364399e-01	-9.546602e-01	9.330789e-01
348	3.469997	4.247238e-01	6.370862e-01	-6.536834e-01	-9.805255e-01	9.334522e-01
349	3.479997	4.181870e-01	6.272810e-01	-6.706723e-01	-1.006009e+00	9.338256e-01
350	3.489997	4.114802e-01	6.172209e-01	-6.873997e-01	-1.031100e+00	9.341992e-01
351	3.499997	4.046063e-01	6.069099e-01	-7.038590e-01	-1.055789e+00	9.345729e-01
352	3.509997	3.975677e-01	5.963520e-01	-7.200432e-01	-1.080065e+00	9.349467e-01
353	3.519997	3.903672e-01	5.855513e-01	-7.359459e-01	-1.103920e+00	9.353207e-01
354	3.529997	3.830078e-01	5.745121e-01	-7.515606e-01	-1.127342e+00	9.356948e-01
355	3.539997	3.754922e-01	5.632387e-01	-7.668809e-01	-1.150322e+00	9.360690e-01
356	3.549997	3.678234e-01	5.517355e-01	-7.819006e-01	-1.172852e+00	9.364434e-01
357	3.559997	3.600044e-01	5.400069e-01	-7.966136e-01	-1.194921e+00	9.368181e-01
358	3.569997	3.520382e-01	5.280577e-01	-8.110138e-01	-1.216521e+00	9.371927e-01
359	3.579997	3.439281e-01	5.158925e-01	-8.250953e-01	-1.237644e+00	9.375677e-01
360	3.589997	3.356771e-01	5.035161e-01	-8.388524e-01	-1.258279e+00	9.379427e-01
361	3.599997	3.272886e-01	4.909333e-01	-8.522795e-01	-1.278420e+00	9.383179e-01
362	3.609997	3.187658e-01	4.781491e-01	-8.653710e-01	-1.298057e+00	9.386933e-01
363	3.619997	3.101121e-01	4.651685e-01	-8.781217e-01	-1.317183e+00	9.390687e-01
364	3.629997	3.013309e-01	4.519967e-01	-8.905262e-01	-1.335790e+00	9.394444e-01
365	3.639997	2.924256e-01	4.386388e-01	-9.025794e-01	-1.353870e+00	9.398202e-01
366	3.649997	2.833999e-01	4.251001e-01	-9.142765e-01	-1.371416e+00	9.401962e-01
367	3.659997	2.742571e-01	4.113859e-01	-9.256124e-01	-1.388420e+00	9.405722e-01
368	3.669997	2.650010e-01	3.975017e-01	-9.365827e-01	-1.404875e+00	9.409484e-01
369	3.679997	2.556351e-01	3.834530e-01	-9.471828e-01	-1.420775e+00	9.413248e-01
370	3.689997	2.461633e-01	3.692452e-01	-9.574082e-01	-1.436113e+00	9.417012e-01
371	3.699997	2.365892e-01	3.548841e-01	-9.672547e-01	-1.450883e+00	9.420779e-01
372	3.709997	2.269167e-01	3.403752e-01	-9.767182e-01	-1.465078e+00	9.424547e-01
373	3.719997	2.171495e-01	3.257245e-01	-9.857949e-01	-1.478693e+00	9.428316e-01
374	3.729997	2.072915e-01	3.109375e-01	-9.944809e-01	-1.491722e+00	9.432088e-01
375	3.739997	1.973467e-01	2.960203e-01	-1.002773e+00	-1.504160e+00	9.435861e-01
376	3.749997	1.873190e-01	2.809787e-01	-1.010666e+00	-1.516001e+00	9.439635e-01
377	3.759997	1.772123e-01	2.658187e-01	-1.018159e+00	-1.527240e+00	9.443412e-01
378	3.769997	1.670308e-01	2.505463e-01	-1.025248e+00	-1.537872e+00	9.447188e-01
379	3.779997	1.567783e-01	2.351676e-01	-1.031929e+00	-1.547894e+00	9.450967e-01
380	3.789997	1.464590e-01	2.196886e-01	-1.038200e+00	-1.557301e+00	9.454747e-01
381	3.799997	1.360770e-01	2.041156e-01	-1.044058e+00	-1.566088e+00	9.458529e-01
382	3.809997	1.256364e-01	1.884547e-01	-1.049502e+00	-1.574253e+00	9.462312e-01
383	3.819997	1.151414e-01	1.727122e-01	-1.054527e+00	-1.581791e+00	9.466098e-01
384	3.829997	1.045961e-01	1.568943e-01	-1.059133e+00	-1.588700e+00	9.469885e-01
385	3.839997	9.400479e-02	1.410073e-01	-1.063317e+00	-1.594976e+00	9.473673e-01
386	3.849997	8.337162e-02	1.250576e-01	-1.067077e+00	-1.600616e+00	9.477462e-01
387	3.859997	7.270086e-02	1.090514e-01	-1.070412e+00	-1.605618e+00	9.481253e-01
388	3.869997	6.199674e-02	9.299523e-02	-1.073320e+00	-1.609980e+00	9.485046e-01
389	3.879997	5.126355e-02	7.689542e-02	-1.075800e+00	-1.613700e+00	9.488840e-01
390	3.889997	4.050555e-02	6.075842e-02	-1.077850e+00	-1.616776e+00	9.492636e-01
391	3.899997	2.972705e-02	4.459067e-02	-1.079470e+00	-1.619206e+00	9.496433e-01
392	3.909997	1.893235e-02	2.839861e-02	-1.080659e+00	-1.620990e+00	9.500231e-01
393	3.919997	8.125752e-03	1.218871e-02	-1.081417e+00	-1.622126e+00	9.504031e-01
394	3.929997	-2.688414e-03	-4.032550e-03	-1.081742e+00	-1.622613e+00	9.507833e-01
395	3.939997	-1.350583e-02	-2.025868e-02	-1.081634e+00	-1.622452e+00	9.511636e-01
396	3.949997	-2.432217e-02	-3.648321e-02	-1.081094e+00	-1.621642e+00	9.515441e-01
397	3.959997	-3.513312e-02	-5.269962e-02	-1.080121e+00	-1.620182e+00	9.519247e-01
398	3.969997	-4.593433e-02	-6.890144e-02	-1.078716e+00	-1.618074e+00	9.523054e-01
399	3.979997	-5.672149e-02	-8.508219e-02	-1.076878e+00	-1.615318e+00	9.526864e-01
400	3.989997	-6.749027e-02	-1.012354e-01	-1.074610e+00	-1.611915e+00	9.530674e-01
401	3.999997	-7.823637e-02	-1.173545e-01	-1.071910e+00	-1.607866e+00	9.534487e-01
402	4.009997	-8.895547e-02	-1.334332e-01	-1.068780e+00	-1.603171e+00	9.538300e-01
403	4.019997	-9.964328e-02	-1.494649e-01	-1.065222e+00	-1.597834e+00	9.542115e-01
404	4.029997	-1.102955e-01	-1.654432e-01	-1.061236e+00	-1.591855e+00	9.545931e-01
405	4.039998	-1.209079e-01	-1.813618e-01	-1.056825e+00	-1.585238e+00	9.549749e-01
406	4.049998	-1.314761e-01	-1.972142e-01	-1.051988e+00	-1.577983e+00	9.553570e-01
407	4.059998	-1.419960e-01	-2.129940e-01	-1.046729e+00	-1.570095e+00	9.557391e-01
408	4.069998	-1.524633e-01	-2.286949e-01	-1.041049e+00	-1.561575e+00	9.561214e-01
409	4.079998	-1.628738e-01	-2.443107e-01	-1.034951e+00	-1.552427e+00	9.565038e-01
410	4.089999	-1.732233e-01	-2.598349e-01	-1.028436e+00	-1.542655e+00	9.568864e-01
411	4.099999	-1.835076e-01	-2.752615e-01	-1.021507e+00	-1.532261e+00	9.572693e-01
412	4.109999	-1.937227e-01	-2.905841e-01	-1.014167e+00	-1.521251e+00	9.576522e-01
413	4.119999	-2.038644e-01	-3.057966e-01	-1.006418e+00	-1.509627e+00	9.580352e-01
414	4.130000	-2.139286e-01	-3.208929e-01	-9.982632e-01	-1.497396e+00	9.584184e-01
415	4.140000	-2.239112e-01	-3.358669e-01	-9.897060e-01	-1.484560e+00	9.588017e-01
416	4.150000	-2.338082e-01	-3.507125e-01	-9.807496e-01	-1.471125e+00	9.591854e-01
417	4.160000	-2.436157e-01	-3.654237e-01	-9.713973e-01	-1.457097e+00	9.595690e-01
418	4.170001	-2.533297e-01	-3.799947e-01	-9.616526e-01	-1.442480e+00	9.599528e-01
419	4.180001	-2.629462e-01	-3.944195e-01	-9.515194e-01	-1.427280e+00	9.603368e-01
420	4.190001	-2.724614e-01	-4.086923e-01	-9.410016e-01	-1.411503e+00	9.607209e-01
421	4.200001	-2.818714e-01	-4.228073e-01	-9.301031e-01	-1.395156e+00	9.611052e-01
422	4.210001	-2.911725e-01	-4.367589e-01	-9.188282e-01	-1.378243e+00	9.614897e-01
423	4.220002	-3.003608e-01	-4.505413e-01	-9.071813e-01	-1.360773e+00	9.618742e-01
424	4.230002	-3.094326e-01	-4.641491e-01	-8.951669e-01	-1.342751e+00	9.622589e-01
425	4.240002	-3.183843e-01	-4.775766e-01	-8.827896e-01	-1.324185e+00	9.626437e-01
426	4.250002	-3.272122e-01	-4.908184e-01	-8.700542e-01	-1.305082e+00	9.630288e-01
427	4.260003	-3.359127e-01	-5.038692e-01	-8.569657e-01	-1.285449e+00	9.634141e-01
428	4.270003	-3.444824e-01	-5.167238e-01	-8.435292e-01	-1.265295e+00	9.637996e-01
429	4.280003	-3.529176e-01	-5.293767e-01	-8.297499e-01	-1.244626e+00	9.641851e-01
430	4.290003	-3.612151e-01	-5.418230e-01	-8.156332e-01	-1.223451e+00	9.645708e-01
431	4.300004	-3.693715e-01	-5.540575e-01	-8.011847e-01	-1.201778e+00	9.649566e-01
432	4.310004	-3.773833e-01	-5.660753e-01	-7.864098e-01	-1.179615e+00	9.653426e-01
433	4.320004	-3.852474e-01	-5.778714e-01	-7.713144e-01	-1.156972e+00	9.657288e-01
434	4.330004	-3.929605e-01	-5.894412e-01	-7.559046e-01	-1.133858e+00	9.661151e-01
435	4.340004	-4.005196e-01	-6.007798e-01	-7.401862e-01	-1.110280e+00	9.665015e-01
436	4.350005	-4.079214e-01	-6.118826e-01	-7.241654e-01	-1.086249e+00	9.668882e-01
437	4.360005	-4.151631e-01	-6.227450e-01	-7.078485e-01	-1.061773e+00	9.672749e-01
438	4.370005	-4.222416e-01	-6.333628e-01	-6.912420e-01	-1.036864e+00	9.676617e-01
439	4.380005	-4.291540e-01	-6.437314e-01	-6.743523e-01	-1.011529e+00	9.680489e-01
440	4.390006	-4.358975e-01	-6.538467e-01	-6.571862e-01	-9.857798e-01	9.684360e-01
441	4.400006	-4.424694e-01	-6.637045e-01	-6.397503e-01	-9.596260e-01	9.688233e-01
442	4.410006	-4.488669e-01	-6.733007e-01	-6.220515e-01	-9.330778e-01	9.692110e-01
443	4.420006	-4.550874e-01	-6.826315e-01	-6.040969e-01	-9.061458e-01	9.695987e-01
444	4.430007	-4.611284e-01	-6.916929e-01	-5.858934e-01	-8.788406e-01	9.699865e-01
445	4.440007	-4.669873e-01	-7.004814e-01	-5.674483e-01	-8.511729e-01	9.703745e-01
446	4.450007	-4.726618e-01	-7.089931e-01	-5.487688e-01	-8.231536e-01	9.707626e-01
447	4.460007	-4.781495e-01	-7.172246e-01	-5.298623e-01	-7.947939e-01	9.711509e-01
448	4.470007	-4.834481e-01	-7.251725e-01	-5.107363e-01	-7.661049e-01	9.715394e-01
449	4.480008	-4.885555e-01	-7.328336e-01	-4.913984e-01	-7.370980e-01	9.719280e-01
450	4.490008	-4.934694e-01	-7.402046e-01	-4.718561e-01	-7.077847e-01	9.723167e-01
451	4.500008	-4.981880e-01	-7.472824e-01	-4.521174e-01	-6.781765e-01	9.727057e-01
452	4.510008	-5.027092e-01	-7.540642e-01	-4.321899e-01	-6.482852e-01	9.730948e-01
453	4.520009	-5.070311e-01	-7.605470e-01	-4.120815e-01	-6.181226e-01	9.734840e-01
454	4.530009	-5.111519e-01	-7.667283e-01	-3.918002e-01	-5.877008e-01	9.738734e-01
455	4.540009	-5.150699e-01	-7.726053e-01	-3.713542e-01	-5.570316e-01	9.742630e-01
456	4.550009	-5.187835e-01	-7.781756e-01	-3.507514e-01	-5.261274e-01	9.746526e-01
457	4.560009	-5.222909e-01	-7.834369e-01	-3.300000e-01	-4.950004e-01	9.750425e-01
458	4.570010	-5.255910e-01	-7.883869e-01	-3.091084e-01	-4.636629e-01	9.754326e-01
459	4.580010	-5.286821e-01	-7.930235e-01	-2.880848e-01	-4.321274e-01	9.758228e-01
460	4.590010	-5.315629e-01	-7.973448e-01	-2.669375e-01	-4.004065e-01	9.762132e-01
461	4.600010	-5.342323e-01	-8.013489e-01	-2.456750e-01	-3.685127e-01	9.766036e-01
462	4.610011	-5.366890e-01	-8.050340e-01	-2.243057e-01	-3.364587e-01	9.769942e-01
463	4.620011	-5.389321e-01	-8.083985e-01	-2.028381e-01	-3.042574e-01	9.773850e-01
464	4.630011	-5.409605e-01	-8.114411e-01	-1.812808e-01	-2.719215e-01	9.777759e-01
465	4.640011	-5.427733e-01	-8.141603e-01	-1.596424e-01	-2.394638e-01	9.781671e-01
466	4.650012	-5.443698e-01	-8.165550e-01	-1.379315e-01	-2.068974e-01	9.785584e-01
467	4.660012	-5.457491e-01	-8.186240e-01	-1.161567e-01	-1.742352e-01	9.789498e-01
468	4.670012	-5.469106e-01	-8.203663e-01	-9.432673e-02	-1.414902e-01	9.793414e-01
469	4.680012	-5.478539e-01	-8.217812e-01	-7.245030e-02	-1.086756e-01	9.797331e-01
470	4.690012	-5.485784e-01	-8.228680e-01	-5.053615e-02	-7.580434e-02	9.801251e-01
471	4.700013	-5.490838e-01	-8.236260e-01	-2.859301e-02	-4.288962e-02	9.805171e-01
472	4.710013	-5.493697e-01	-8.240550e-01	-6.629663e-03	-9.944577e-03	9.809093e-01
473	4.720013	-5.494360e-01	-8.241544e-01	1.534512e-02	2.301762e-02	9.813017e-01
474	4.730013	-5.492826e-01	-8.239242e-01	3.732256e-02	5.598380e-02	9.816942e-01
475	4.740014	-5.489093e-01	-8.233643e-01	5.929387e-02	8.894076e-02	9.820868e-01
476	4.750014	-5.483164e-01	-8.224749e-01	8.125024e-02	1.218753e-01	9.824796e-01
477	4.760014	-5.475038e-01	-8.212562e-01	1.031829e-01	1.547743e-01	9.828725e-01
478	4.770014	-5.464720e-01	-8.197084e-01	1.250830e-01	1.876246e-01	9.832657e-01
479	4.780015	-5.452212e-01	-8.178322e-01	1.469419e-01	2.204129e-01	9.836590e-01
480	4.790015	-5.437518e-01	-8.156281e-01	1.687508e-01	2.531262e-01	9.840525e-01
481	4.800015	-5.420642e-01	-8.130968e-01	1.905009e-01	2.857513e-01	9.844461e-01
482	4.810015	-5.401592e-01	-8.102393e-01	2.121834e-01	3.182752e-01	9.848398e-01
483	4.820015	-5.380374e-01	-8.070565e-01	2.337898e-01	3.506848e-01	9.852338e-01
484	4.830016	-5.356995e-01	-8.035496e-01	2.553113e-01	3.829670e-01	9.856279e-01
485	4.840016	-5.331464e-01	-7.997200e-01	2.767393e-01	4.151090e-01	9.860222e-01
486	4.850016	-5.303791e-01	-7.955689e-01	2.980652e-01	4.470978e-01	9.864166e-01
487	4.860016	-5.273984e-01	-7.910979e-01	3.192803e-01	4.789206e-01	9.868111e-01
488	4.870017	-5.242056e-01	-7.863086e-01	3.403763e-01	5.105645e-01	9.872059e-01
489	4.880017	-5.208018e-01	-7.812030e-01	3.613445e-01	5.420169e-01	9.876007e-01
490	4.890017	-5.171884e-01	-7.757828e-01	3.821765e-01	5.732650e-01	9.879957e-01
491	4.900017	-5.133666e-01	-7.700502e-01	4.028641e-01	6.042963e-01	9.883909e-01
492	4.910017	-5.093380e-01	-7.640072e-01	4.233987e-01	6.350983e-01	9.887863e-01
493	4.920018	-5.051039e-01	-7.576562e-01	4.437723e-01	6.656586e-01	9.891817e-01
494	4.930018	-5.006662e-01	-7.509996e-01	4.639764e-01	6.959648e-01	9.895774e-01
495	4.940018	-4.960264e-01	-7.440400e-01	4.840031e-01	7.260048e-01	9.899731e-01
496	4.950018	-4.911864e-01	-7.367799e-01	5.038441e-01	7.557664e-01	9.903692e-01
497	4.960019	-4.861480e-01	-7.292222e-01	5.234916e-01	7.852376e-01	9.907653e-01
498	4.970019	-4.809130e-01	-7.213699e-01	5.429375e-01	8.144065e-01	9.911616e-01
499	4.980019	-4.754837e-01	-7.132258e-01	5.621740e-01	8.432613e-01	9.915580e-01
500	4.990019	-4.698619e-01	-7.047932e-01	5.811934e-01	8.717903e-01	9.919547e-01
501	5.000020	-4.640500e-01	-6.960753e-01	5.999879e-01	8.999821e-01	9.923515e-01
502	5.010020	-4.580501e-01	-6.870754e-01	6.185499e-01	9.278251e-01	9.927484e-01
503	5.020020	-4.518646e-01	-6.777972e-01	6.368719e-01	9.553081e-01	9.931455e-01
504	5.030020	-4.454959e-01	-6.682441e-01	6.549464e-01	9.824200e-01	9.935427e-01
505	5.040020	-4.389464e-01	-6.584199e-01	6.727663e-01	1.009150e+00	9.939401e-01
506	5.050021	-4.322187e-01	-6.483284e-01	6.903241e-01	1.035487e+00	9.943378e-01
507	5.060021	-4.253155e-01	-6.379735e-01	7.076129e-01	1.061420e+00	9.947355e-01
508	5.070021	-4.182394e-01	-6.273593e-01	7.246255e-01	1.086939e+00	9.951333e-01
509	5.080021	-4.109931e-01	-6.164899e-01	7.413551e-01	1.112033e+00	9.955314e-01
510	5.090022	-4.035796e-01	-6.053696e-01	7.577948e-01	1.136693e+00	9.959296e-01
511	5.100022	-3.960016e-01	-5.940027e-01	7.739380e-01	1.160907e+00	9.963281e-01
512	5.110022	-3.882623e-01	-5.823936e-01	7.897781e-01	1.184667e+00	9.967265e-01
513	5.120022	-3.803645e-01	-5.705470e-01	8.053085e-01	1.207963e+00	9.971253e-01
514	5.130023	-3.723114e-01	-5.584673e-01	8.205231e-01	1.230785e+00	9.975240e-01
515	5.140023	-3.641061e-01	-5.461595e-01	8.354155e-01	1.253124e+00	9.979231e-01
516	5.150023	-3.557520e-01	-5.336283e-01	8.499798e-01	1.274970e+00	9.983223e-01
517	5.160023	-3.472522e-01	-5.208786e-01	8.642098e-01	1.296315e+00	9.987217e-01
518	5.170023	-3.386101e-01	-5.079154e-01	8.780999e-01	1.317151e+00	9.991211e-01
519	5.180024	-3.298291e-01	-4.947439e-01	8.916443e-01	1.337467e+00	9.995208e-01
520	5.190024	-3.209127e-01	-4.813692e-01	9.048375e-01	1.357257e+00	9.999205e-01
521	5.200024	-3.118643e-01	-4.677966e-01	9.176740e-01	1.376512e+00	1.000321e+00
522	5.210024	-3.026876e-01	-4.540315e-01	9.301486e-01	1.395224e+00	1.000721e+00
523	5.220025	-2.933861e-01	-4.400793e-01	9.422561e-01	1.413385e+00	1.001121e+00
524	5.230025	-2.839635e-01	-4.259454e-01	9.539915e-01	1.430988e+00	1.001521e+00
525	5.240025	-2.744236e-01	-4.116355e-01	9.653501e-01	1.448026e+00	1.001922e+00
526	5.250025	-2.647701e-01	-3.971553e-01	9.763271e-01	1.464491e+00	1.002323e+00
527	5.260026	-2.550068e-01	-3.825104e-01	9.869179e-01	1.480378e+00	1.002724e+00
528	5.270026	-2.451376e-01	-3.677066e-01	9.971181e-01	1.495678e+00	1.003125e+00
529	5.280026	-2.351665e-01	-3.527498e-01	1.006924e+00	1.510386e+00	1.003526e+00
530	5.290026	-2.250972e-01	-3.376459e-01	1.016330e+00	1.524496e+00	1.003928e+00
531	5.300026	-2.149339e-01	-3.224010e-01	1.025334e+00	1.538002e+00	1.004329e+00
532	5.310027	-2.046806e-01	-3.070210e-01	1.033932e+00	1.550898e+00	1.004731e+00
533	5.320027	-1.943413e-01	-2.915120e-01	1.042119e+00	1.563179e+00	1.005133e+00
534	5.330027	-1.839201e-01	-2.758802e-01	1.049892e+00	1.574839e+00	1.005535e+00
535	5.340027	-1.734211e-01	-2.601318e-01	1.057249e+00	1.585875e+00	1.005937e+00
536	5.350028	-1.628487e-01	-2.442731e-01	1.064186e+00	1.596280e+00	1.006339e+00
537	5.360028	-1.522068e-01	-2.283103e-01	1.070700e+00	1.606051e+00	1.006742e+00
538	5.370028	-1.414998e-01	-2.122498e-01	1.076788e+00	1.615183e+00	1.007144e+00
539	5.380028	-1.307319e-01	-1.960979e-01	1.082448e+00	1.623673e+00	1.007547e+00
540	5.390028	-1.199074e-01	-1.798612e-01	1.087677e+00	1.631517e+00	1.007950e+00
541	5.400029	-1.090307e-01	-1.635461e-01	1.092474e+00	1.638711e+00	1.008353e+00
542	5.410029	-9.810592e-02	-1.471589e-01	1.096835e+00	1.645253e+00	1.008757e+00
543	5.420029	-8.713757e-02	-1.307064e-01	1.100759e+00	1.651140e+00	1.009160e+00
544	5.430029	-7.612998e-02	-1.141950e-01	1.104245e+00	1.656368e+00	1.009564e+00
545	5.440030	-6.508753e-02	-9.763133e-02	1.107290e+00	1.660936e+00	1.009968e+00
546	5.450030	-5.401463e-02	-8.102197e-02	1.109893e+00	1.664841e+00	1.010372e+00
547	5.460030	-4.291570e-02	-6.437356e-02	1.112054e+00	1.668082e+00	1.010776e+00
548	5.470030	-3.179516e-02	-4.769274e-02	1.113771e+00	1.670657e+00	1.011180e+00
549	5.480031	-2.065746e-02	-3.098617e-02	1.115042e+00	1.672564e+00	1.011585e+00
550	5.490031	-9.507033e-03	-1.426053e-02	1.115869e+00	1.673804e+00	1.011989e+00
551	5.500031	1.651654e-03	2.477506e-03	1.116249e+00	1.674374e+00	1.012394e+00
552	5.510031	1.281414e-02	1.922125e-02	1.116183e+00	1.674275e+00	1.012799e+00
553	5.520031	2.397597e-02	3.596400e-02	1.115670e+00	1.673506e+00	1.013204e+00
554	5.530032	3.513268e-02	5.269906e-02	1.114711e+00	1.672068e+00	1.013609e+00
555	5.540032	4.627979e-02	6.941973e-02	1.113306e+00	1.669960e+00	1.014015e+00
556	5.550032	5.741285e-02	8.611933e-02	1.111455e+00	1.667183e+00	1.014420e+00
557	5.560032	6.852739e-02	1.027912e-01	1.109158e+00	1.663738e+00	1.014826e+00
558	5.570033	7.961898e-02	1.194285e-01	1.106417e+00	1.659626e+00	1.015232e+00
559	5.580033	9.068315e-02	1.360248e-01	1.103232e+00	1.654849e+00	1.015638e+00
560	5.590033	1.017155e-01	1.525733e-01	1.099605e+00	1.649408e+00	1.016044e+00
561	5.600033	1.127115e-01	1.690674e-01	1.095536e+00	1.643305e+00	1.016451e+00
562	5.610034	1.236669e-01	1.855004e-01	1.091028e+00	1.636543e+00	1.016857e+00
563	5.620034	1.345772e-01	2.018659e-01	1.086081e+00	1.629123e+00	1.017264e+00
564	5.630034	1.454380e-01	2.181571e-01	1.080698e+00	1.621048e+00	1.017671e+00
565	5.640034	1.562449e-01	2.343676e-01	1.074880e+00	1.612322e+00	1.018078e+00
566	5.650034	1.669938e-01	2.504908e-01	1.068631e+00	1.602947e+00	1.018485e+00
567	5.660035	1.776801e-01	2.665203e-01	1.061951e+00	1.592927e+00	1.018893e+00
568	5.670035	1.882996e-01	2.824495e-01	1.054844e+00	1.582267e+00	1.019300e+00
569	5.680035	1.988480e-01	2.982722e-01	1.047312e+00	1.570969e+00	1.019708e+00
570	5.690035	2.093211e-01	3.139819e-01	1.039358e+00	1.559038e+00	1.020116e+00
571	5.700036	2.197147e-01	3.295723e-01	1.030985e+00	1.546478e+00	1.020524e+00
572	5.710036	2.300245e-01	3.450371e-01	1.022196e+00	1.533296e+00	1.020932e+00
573	5.720036	2.402465e-01	3.603700e-01	1.012995e+00	1.519494e+00	1.021340e+00
574	5.730036	2.503765e-01	3.755650e-01	1.003386e+00	1.505079e+00	1.021749e+00
575	5.740036	2.604103e-01	3.906158e-01	9.933705e-01	1.490057e+00	1.022158e+00
576	5.750037	2.703440e-01	4.055164e-01	9.829541e-01	1.474432e+00	1.022567e+00
577	5.760037	2.801736e-01	4.202607e-01	9.721403e-01	1.458211e+00	1.022975e+00
578	5.770037	2.898950e-01	4.348428e-01	9.609334e-01	1.441401e+00	1.023385e+00
579	5.780037	2.995043e-01	4.492568e-01	9.493376e-01	1.424007e+00	1.023794e+00
580	5.790038	3.089977e-01	4.634969e-01	9.373574e-01	1.406037e+00	1.024204e+00
581	5.800038	3.183713e-01	4.775572e-01	9.249975e-01	1.387497e+00	1.024613e+00
582	5.810038	3.276213e-01	4.914322e-01	9.122627e-01	1.368395e+00	1.025023e+00
583	5.820038	3.367439e-01	5.051162e-01	8.991578e-01	1.348737e+00	1.025433e+00
584	5.830039	3.457355e-01	5.186036e-01	8.856881e-01	1.328533e+00	1.025843e+00
585	5.840039	3.545924e-01	5.318889e-01	8.718587e-01	1.307789e+00	1.026254e+00
586	5.850039	3.633109e-01	5.449668e-01	8.576750e-01	1.286513e+00	1.026664e+00
587	5.860039	3.718877e-01	5.578319e-01	8.431425e-01	1.264714e+00	1.027075e+00
588	5.870039	3.803191e-01	5.704791e-01	8.282670e-01	1.242401e+00	1.027486e+00
589	5.880040	3.886018e-01	5.829031e-01	8.130542e-01	1.219582e+00	1.027897e+00
590	5.890040	3.967323e-01	5.950989e-01	7.975101e-01	1.196266e+00	1.028308e+00
591	5.900040	4.047074e-01	6.070616e-01	7.816408e-01	1.172462e+00	1.028719e+00
592	5.910040	4.125238e-01	6.187862e-01	7.654525e-01	1.148179e+00	1.029131e+00
593	5.920041	4.201784e-01	6.302680e-01	7.489516e-01	1.123428e+00	1.029542e+00
594	5.930041	4.276679e-01	6.415023e-01	7.321444e-01	1.098217e+00	1.029954e+00
595	5.940041	4.349893e-01	6.524844e-01	7.150377e-01	1.072557e+00	1.030366e+00
596	5.950041	4.421397e-01	6.632100e-01	6.976382e-01	1.046458e+00	1.030778e+00
597	5.960042	4.491161e-01	6.736746e-01	6.799526e-01	1.019930e+00	1.031191e+00
598	5.970042	4.559156e-01	6.838739e-01	6.619879e-01	9.929826e-01	1.031603e+00
599	5.980042	4.625355e-01	6.938037e-01	6.437513e-01	9.656276e-01	1.032016e+00
600	5.990042	4.689730e-01	7.034600e-01	6.252499e-01	9.378754e-01	1.032429e+00
601	6.000042	4.752255e-01	7.128387e-01	6.064910e-01	9.097371e-01	1.032841e+00
602	6.010043	4.812904e-01	7.219361e-01	5.874820e-01	8.812235e-01	1.033255e+00
603	6.020043	4.871652e-01	7.307484e-01	5.682304e-01	8.523461e-01	1.033668e+00
604	6.030043	4.928475e-01	7.392718e-01	5.487438e-01	8.231161e-01	1.034081e+00
605	6.040043	4.983349e-01	7.475030e-01	5.290299e-01	7.935452e-01	1.034495e+00
606	6.050044	5.036252e-01	7.554384e-01	5.090965e-01	7.636451e-01	1.034909e+00
607	6.060044	5.087162e-01	7.630749e-01	4.889515e-01	7.334276e-01	1.035323e+00
608	6.070044	5.136057e-01	7.704092e-01	4.686029e-01	7.029046e-01	1.035737e+00
609	6.080044	5.182917e-01	7.774382e-01	4.480586e-01	6.720882e-01	1.036151e+00
610	6.090044	5.227723e-01	7.841591e-01	4.273270e-01	6.409907e-01	1.036566e+00
611	6.100045	5.270456e-01	7.905690e-01	4.064161e-01	6.096243e-01	1.036980e+00
612	6.110045	5.311098e-01	7.966653e-01	3.853343e-01	5.780016e-01	1.037395e+00
613	6.120045	5.349631e-01	8.024453e-01	3.640899e-01	5.461349e-01	1.037810e+00
614	6.130045	5.386040e-01	8.079066e-01	3.426914e-01	5.140371e-01	1.038225e+00
615	6.140046	5.420309e-01	8.130470e-01	3.211472e-01	4.817209e-01	1.038640e+00
616	6.150046	5.452424e-01	8.178642e-01	2.994660e-01	4.491990e-01	1.039056e+00
617	6.160046	5.482370e-01	8.223562e-01	2.776563e-01	4.164844e-01	1.039472e+00
618	6.170046	5.510136e-01	8.265210e-01	2.557268e-01	3.835902e-01	1.039887e+00
619	6.180047	5.535709e-01	8.303569e-01	2.336862e-01	3.505293e-01	1.040303e+00
620	6.190047	5.559077e-01	8.338622e-01	2.115434e-01	3.173150e-01	1.040719e+00
621	6.200047	5.580232e-01	8.370354e-01	1.893071e-01	2.839606e-01	1.041136e+00
622	6.210047	5.599162e-01	8.398750e-01	1.669862e-01	2.504791e-01	1.041552e+00
623	6.220047	5.615861e-01	8.423797e-01	1.445895e-01	2.168841e-01	1.041969e+00
624	6.230048	5.630320e-01	8.445486e-01	1.221261e-01	1.831889e-01	1.042386e+00
625	6.240048	5.642532e-01	8.463805e-01	9.960481e-02	1.494070e-01	1.042803e+00
626	6.250048	5.652493e-01	8.478745e-01	7.703468e-02	1.155518e-01	1.043220e+00
627	6.260048	5.660196e-01	8.490300e-01	5.442471e-02	8.163680e-02	1.043637e+00
628	6.270049	5.665638e-01	8.498464e-01	3.178393e-02	4.767560e-02	1.044054e+00
629	6.280049	5.668817e-01	8.503231e-01	9.121373e-03	1.368175e-02	1.044472e+00
630	6.290049	5.669729e-01	8.504599e-01	-1.355389e-02	-2.033118e-02	1.044890e+00
631	6.300049	5.668373e-01	8.502566e-01	-3.623281e-02	-5.434958e-02	1.045308e+00
632	6.310050	5.664750e-01	8.497131e-01	-5.890630e-02	-8.835984e-02	1.045726e+00
633	6.320050	5.658859e-01	8.488296e-01	-8.156530e-02	-1.223484e-01	1.046144e+00
634	6.330050	5.650703e-01	8.476061e-01	-1.042007e-01	-1.563016e-01	1.046562e+00
635	6.340050	5.640283e-01	8.460431e-01	-1.268035e-01	-1.902058e-01	1.046981e+00
636	6.350050	5.627602e-01	8.441410e-01	-1.493647e-01	-2.240475e-01	1.047400e+00
637	6.360051	5.612666e-01	8.419005e-01	-1.718751e-01	-2.578132e-01	1.047819e+00
638	6.370051	5.595478e-01	8.393224e-01	-1.943257e-01	-2.914892e-01	1.048238e+00
639	6.380051	5.576046e-01	8.364075e-01	-2.167077e-01	-3.250621e-01	1.048657e+00
640	6.390051	5.554375e-01	8.331569e-01	-2.390119e-01	-3.585184e-01	1.049077e+00
641	6.400052	5.530474e-01	8.295717e-01	-2.612294e-01	-3.918446e-01	1.049496e+00
642	6.410052	5.504351e-01	8.256533e-01	-2.833513e-01	-4.250275e-01	1.049916e+00
643	6.420052	5.476016e-01	8.214030e-01	-3.053687e-01	-4.580536e-01	1.050336e+00
644	6.430052	5.445479e-01	8.168224e-01	-3.272727e-01	-4.909097e-01	1.050756e+00
645	6.440053	5.412752e-01	8.119133e-01	-3.490546e-01	-5.235826e-01	1.051177e+00
646	6.450053	5.377846e-01	8.066775e-01	-3.707056e-01	-5.560592e-01	1.051597e+00
647	6.460053	5.340776e-01	8.011169e-01	-3.922170e-01	-5.883263e-01	1.052018e+00
648	6.470053	5.301554e-01	7.952336e-01	-4.135801e-01	-6.203709e-01	1.052438e+00
649	6.480053	5.260196e-01	7.890299e-01	-4.347863e-01	-6.521803e-01	1.052859e+00
650	6.490054	5.216718e-01	7.825081e-01	-4.558271e-01	-6.837415e-01	1.053281e+00
651	6.500054	5.171135e-01	7.756706e-01	-4.766940e-01	-7.150418e-01	1.053702e+00
652	6.510054	5.123466e-01	7.685202e-01	-4.973786e-01	-7.460686e-01	1.054123e+00
653	6.520054	5.073728e-01	7.610595e-01	-5.178724e-01	-7.768094e-01	1.054545e+00
654	6.530055	5.021940e-01	7.532914e-01	-5.381673e-01	-8.072518e-01	1.054967e+00
655	6.540055	4.968124e-01	7.452189e-01	-5.582551e-01	-8.373834e-01	1.055389e+00
656	6.550055	4.912298e-01	7.368451e-01	-5.781276e-01	-8.671921e-01	1.055811e+00
657	6.560055	4.854486e-01	7.281731e-01	-5.977768e-01	-8.966659e-01	1.056233e+00
658	6.570055	4.794708e-01	7.192065e-01	-6.171947e-01	-9.257929e-01	1.056656e+00
659	6.580056	4.732988e-01	7.099485e-01	-6.363735e-01	-9.545611e-01	1.057078e+00
660	6.590056	4.669351e-01	7.004029e-01	-6.553054e-01	-9.829590e-01	1.057501e+00
661	6.600056	4.603820e-01	6.905733e-01	-6.739829e-01	-1.010975e+00	1.057924e+00
662	6.610056	4.536422e-01	6.804636e-01	-6.923981e-01	-1.038598e+00	1.058347e+00
663	6.620057	4.467182e-01	6.700776e-01	-7.105438e-01	-1.065817e+00	1.058771e+00
664	6.630057	4.396128e-01	6.594195e-01	-7.284126e-01	-1.092620e+00	1.059194e+00
665	6.640057	4.323287e-01	6.484933e-01	-7.459971e-01	-1.118997e+00	1.059618e+00
666	6.650057	4.248687e-01	6.373034e-01	-7.632902e-01	-1.144936e+00	1.060042e+00
667	6.660058	4.172358e-01	6.258540e-01	-7.802850e-01	-1.170428e+00	1.060466e+00
668	6.670058	4.094329e-01	6.141497e-01	-7.969744e-01	-1.195463e+00	1.060890e+00
669	6.680058	4.014632e-01	6.021951e-01	-8.133518e-01	-1.220029e+00	1.061314e+00
670	6.690058	3.933297e-01	5.899948e-01	-8.294103e-01	-1.244116e+00	1.061739e+00
671	6.700058	3.850356e-01	5.775537e-01	-8.451434e-01	-1.267716e+00	1.062163e+00
672	6.710059	3.765841e-01	5.648766e-01	-8.605449e-01	-1.290818e+00	1.062588e+00
673	6.720059	3.679787e-01	5.519684e-01	-8.756082e-01	-1.313413e+00	1.063013e+00
674	6.730059	3.592226e-01	5.388343e-01	-8.903273e-01	-1.335492e+00	1.063439e+00
675	6.740059	3.503194e-01	5.254794e-01	-9.046962e-01	-1.357045e+00	1.063864e+00
676	6.750060	3.412724e-01	5.119089e-01	-9.187090e-01	-1.378065e+00	1.064290e+00
677	6.760060	3.320853e-01	4.981283e-01	-9.323599e-01	-1.398541e+00	1.064715e+00
678	6.770060	3.227617e-01	4.841429e-01	-9.456433e-01	-1.418466e+00	1.065141e+00
679	6.780060	3.133053e-01	4.699582e-01	-9.585538e-01	-1.437832e+00	1.065567e+00
680	6.790061	3.037197e-01	4.555799e-01	-9.710860e-01	-1.456630e+00	1.065994e+00
681	6.800061	2.940089e-01	4.410136e-01	-9.832348e-01	-1.474853e+00	1.066420e+00
682	6.810061	2.841765e-01	4.262651e-01	-9.949952e-01	-1.492494e+00	1.066846e+00
683	6.820061	2.742266e-01	4.113401e-01	-1.006362e+00	-1.509544e+00	1.067273e+00
684	6.830061	2.641630e-01	3.962447e-01	-1.017331e+00	-1.525998e+00	1.067700e+00
685	6.840062	2.539896e-01	3.809847e-01	-1.027898e+00	-1.541848e+00	1.068127e+00
686	6.850062	2.437107e-01	3.655663e-01	-1.038057e+00	-1.557087e+00	1.068555e+00
687	6.860062	2.333301e-01	3.499954e-01	-1.047806e+00	-1.571710e+00	1.068982e+00
688	6.870062	2.228520e-01	3.342783e-01	-1.057139e+00	-1.585710e+00	1.069410e+00
689	6.880063	2.122806e-01	3.184212e-01	-1.066053e+00	-1.599081e+00	1.069837e+00
690	6.890063	2.016201e-01	3.024304e-01	-1.074544e+00	-1.611818e+00	1.070265e+00
691	6.900063	1.908747e-01	2.863122e-01	-1.082609e+00	-1.623915e+00	1.070693e+00
692	6.910063	1.800486e-01	2.700731e-01	-1.090244e+00	-1.635367e+00	1.071122e+00
693	6.920063	1.691461e-01	2.537194e-01	-1.097446e+00	-1.646170e+00	1.071550e+00
694	6.930064	1.581717e-01	2.372577e-01	-1.104212e+00	-1.656319e+00	1.071979e+00
695	6.940064	1.471296e-01	2.206945e-01	-1.110539e+00	-1.665809e+00	1.072407e+00
696	6.950064	1.360242e-01	2.040364e-01	-1.116424e+00	-1.674637e+00	1.072836e+00
697	6.960064	1.248599e-01	1.872901e-01	-1.121865e+00	-1.682799e+00	1.073265e+00
698	6.970065	1.136413e-01	1.704621e-01	-1.126859e+00	-1.690290e+00	1.073695e+00
699	6.980065	1.023727e-01	1.535592e-01	-1.131405e+00	-1.697109e+00	1.074124e+00
700	6.990065	9.105863e-02	1.365881e-01	-1.135500e+00	-1.703251e+00	1.074554e+00
701	7.000065	7.970363e-02	1.195556e-01	-1.139142e+00	-1.708714e+00	1.074984e+00
702	7.010066	6.831221e-02	1.024684e-01	-1.142330e+00	-1.713497e+00	1.075414e+00
703	7.020066	5.688890e-02	8.533347e-02	-1.145063e+00	-1.717595e+00	1.075844e+00
704	7.030066	4.543827e-02	6.815752e-02	-1.147339e+00	-1.721009e+00	1.076274e+00
705	7.040066	3.396489e-02	5.094744e-02	-1.149156e+00	-1.723735e+00	1.076705e+00
706	7.050066	2.247333e-02	3.371008e-02	-1.150515e+00	-1.725773e+00	1.077136e+00
707	7.060067	1.096818e-02	1.645236e-02	-1.151414e+00	-1.727121e+00	1.077566e+00
708	7.070067	-5.459553e-04	-8.188579e-04	-1.151852e+00	-1.727779e+00	1.077997e+00
709	7.080067	-1.206448e-02	-1.809665e-02	-1.151831e+00	-1.727747e+00	1.078429e+00
710	7.090067	-2.358278e-02	-3.537412e-02	-1.151348e+00	-1.727023e+00	1.078860e+00
711	7.100068	-3.509626e-02	-5.264435e-02	-1.150405e+00	-1.725608e+00	1.079291e+00
712	7.110068	-4.660031e-02	-6.990042e-02	-1.149001e+00	-1.723502e+00	1.079723e+00
713	7.120068	-5.809032e-02	-8.713544e-02	-1.147137e+00	-1.720706e+00	1.080155e+00
714	7.130068	-6.956169e-02	-1.043425e-01	-1.144813e+00	-1.717220e+00	1.080587e+00
715	7.140069	-8.100982e-02	-1.215147e-01	-1.142031e+00	-1.713047e+00	1.081019e+00
716	7.150069	-9.243013e-02	-1.386452e-01	-1.138790e+00	-1.708186e+00	1.081452e+00
717	7.160069	-1.038180e-01	-1.557270e-01	-1.135093e+00	-1.702640e+00	1.081884e+00
718	7.170069	-1.151690e-01	-1.727534e-01	-1.130941e+00	-1.696411e+00	1.082317e+00
719	7.180069	-1.264784e-01	-1.897175e-01	-1.126334e+00	-1.689501e+00	1.082750e+00
720	7.190070	-1.377417e-01	-2.066125e-01	-1.121275e+00	-1.681912e+00	1.083183e+00
721	7.200070	-1.489545e-01	-2.234317e-01	-1.115765e+00	-1.673648e+00	1.083616e+00
722	7.210070	-1.601121e-01	-2.401681e-01	-1.109807e+00	-1.664711e+00	1.084050e+00
723	7.220070	-1.712102e-01	-2.568153e-01	-1.103402e+00	-1.655104e+00	1.084483e+00
724	7.230071	-1.822442e-01	-2.733663e-01	-1.096554e+00	-1.644831e+00	1.084917e+00
725	7.240071	-1.932098e-01	-2.898146e-01	-1.089264e+00	-1.633896e+00	1.085351e+00
726	7.250071	-2.041024e-01	-3.061536e-01	-1.081536e+00	-1.622304e+00	1.085785e+00
727	7.260071	-2.149177e-01	-3.223766e-01	-1.073372e+00	-1.610058e+00	1.086220e+00
728	7.270072	-2.256515e-01	-3.384772e-01	-1.064775e+00	-1.597163e+00	1.086654e+00
729	7.280072	-2.362992e-01	-3.544489e-01	-1.055749e+00	-1.583624e+00	1.087089e+00
730	7.290072	-2.468567e-01	-3.702851e-01	-1.046297e+00	-1.569446e+00	1.087524e+00
731	7.300072	-2.573197e-01	-3.859796e-01	-1.036423e+00	-1.554634e+00	1.087959e+00
732	7.310072	-2.676839e-01	-4.015259e-01	-1.026130e+00	-1.539195e+00	1.088394e+00
733	7.320073	-2.779452e-01	-4.169179e-01	-1.015423e+00	-1.523134e+00	1.088829e+00
734	7.330073	-2.880994e-01	-4.321492e-01	-1.004305e+00	-1.506457e+00	1.089265e+00
735	7.340073	-2.981425e-01	-4.472138e-01	-9.927809e-01	-1.489171e+00	1.089700e+00
736	7.350073	-3.080703e-01	-4.621055e-01	-9.808552e-01	-1.471283e+00	1.090136e+00
737	7.360074	-3.178788e-01	-4.768183e-01	-9.685324e-01	-1.452799e+00	1.090572e+00
738	7.370074	-3.275642e-01	-4.913463e-01	-9.558173e-01	-1.433726e+00	1.091009e+00
739	7.380074	-3.371224e-01	-5.056835e-01	-9.427147e-01	-1.414072e+00	1.091445e+00
740	7.390074	-3.465495e-01	-5.198243e-01	-9.292298e-01	-1.393845e+00	1.091882e+00
741	7.400074	-3.558418e-01	-5.337627e-01	-9.153678e-01	-1.373052e+00	1.092318e+00
742	7.410075	-3.649955e-01	-5.474932e-01	-9.011342e-01	-1.351701e+00	1.092755e+00
743	7.420075	-3.740068e-01	-5.610102e-01	-8.865344e-01	-1.329802e+00	1.093192e+00
744	7.430075	-3.828722e-01	-5.743083e-01	-8.715741e-01	-1.307361e+00	1.093630e+00
745	7.440075	-3.915879e-01	-5.873819e-01	-8.562592e-01	-1.284389e+00	1.094067e+00
746	7.450076	-4.001505e-01	-6.002258e-01	-8.405957e-01	-1.260893e+00	1.094505e+00
747	7.460076	-4.085565e-01	-6.128348e-01	-8.245897e-01	-1.236884e+00	1.094943e+00
748	7.470076	-4.168023e-01	-6.252036e-01	-8.082474e-01	-1.212371e+00	1.095381e+00
749	7.480076	-4.248848e-01	-6.373273e-01	-7.915754e-01	-1.187363e+00	1.095819e+00
750	7.490077	-4.328006e-01	-6.492009e-01	-7.745800e-01	-1.161870e+00	1.096257e+00
751	7.500077	-4.405464e-01	-6.608196e-01	-7.572680e-01	-1.135902e+00	1.096695e+00
752	7.510077	-4.481191e-01	-6.721786e-01	-7.396461e-01	-1.109469e+00	1.097134e+00
753	7.520077	-4.555155e-01	-6.832733e-01	-7.217213e-01	-1.082582e+00	1.097573e+00
754	7.530077	-4.627327e-01	-6.940991e-01	-7.035007e-01	-1.055251e+00	1.098012e+00
755	7.540078	-4.697677e-01	-7.046517e-01	-6.849914e-01	-1.027487e+00	1.098451e+00
756	7.550078	-4.766177e-01	-7.149265e-01	-6.662006e-01	-9.993008e-01	1.098891e+00
757	7.560078	-4.832797e-01	-7.249196e-01	-6.471359e-01	-9.707038e-01	1.099330e+00
758	7.570078	-4.897510e-01	-7.346266e-01	-6.278048e-01	-9.417070e-01	1.099770e+00
759	7.580079	-4.960291e-01	-7.440436e-01	-6.082147e-01	-9.123219e-01	1.100210e+00
760	7.590079	-5.021112e-01	-7.531669e-01	-5.883736e-01	-8.825602e-01	1.100650e+00
761	7.600079	-5.079949e-01	-7.619925e-01	-5.682892e-01	-8.524335e-01	1.101090e+00
762	7.610079	-5.136778e-01	-7.705168e-01	-5.479693e-01	-8.219538e-01	1.101531e+00
763	7.620080	-5.191575e-01	-7.787364e-01	-5.274222e-01	-7.911332e-01	1.101971e+00
764	7.630080	-5.244318e-01	-7.866477e-01	-5.066559e-01	-7.599837e-01	1.102412e+00
765	7.640080	-5.294983e-01	-7.942475e-01	-4.856787e-01	-7.285178e-01	1.102853e+00
766	7.650080	-5.343551e-01	-8.015327e-01	-4.644987e-01	-6.967480e-01	1.103294e+00
767	7.660080	-5.390001e-01	-8.085002e-01	-4.431245e-01	-6.646867e-01	1.103736e+00
768	7.670081	-5.434313e-01	-8.151470e-01	-4.215645e-01	-6.323467e-01	1.104177e+00
769	7.680081	-5.476470e-01	-8.214705e-01	-3.998273e-01	-5.997408e-01	1.104619e+00
770	7.690081	-5.516453e-01	-8.274679e-01	-3.779214e-01	-5.668820e-01	1.105061e+00
771	7.700081	-5.554245e-01	-8.331367e-01	-3.558556e-01	-5.337833e-01	1.105503e+00
772	7.710082	-5.589831e-01	-8.384746e-01	-3.336386e-01	-5.004578e-01	1.105945e+00
773	7.720082	-5.623195e-01	-8.434792e-01	-3.112793e-01	-4.669188e-01	1.106387e+00
774	7.730082	-5.654323e-01	-8.481483e-01	-2.887865e-01	-4.331797e-01	1.106830e+00
775	7.740082	-5.683201e-01	-8.524801e-01	-2.661693e-01	-3.992538e-01	1.107272e+00
776	7.750082	-5.709818e-01	-8.564727e-01	-2.434364e-01	-3.651546e-01	1.107715e+00
777	7.760083	-5.734162e-01	-8.601242e-01	-2.205972e-01	-3.308957e-01	1.108158e+00
778	7.770083	-5.756221e-01	-8.634332e-01	-1.976605e-01	-2.964907e-01	1.108602e+00
779	7.780083	-5.775988e-01	-8.663981e-01	-1.746356e-01	-2.619534e-01	1.109045e+00
780	7.790083	-5.793451e-01	-8.690176e-01	-1.515317e-01	-2.272975e-01	1.109489e+00
781	7.800084	-5.808604e-01	-8.712906e-01	-1.283579e-01	-1.925368e-01	1.109933e+00
782	7.810084	-5.821440e-01	-8.732159e-01	-1.051235e-01	-1.576851e-01	1.110376e+00
783	7.820084	-5.831953e-01	-8.747928e-01	-8.183769e-02	-1.227565e-01	1.110821e+00
784	7.830084	-5.840136e-01	-8.760203e-01	-5.850988e-02	-8.776478e-02	1.111265e+00
785	7.840085	-5.845987e-01	-8.768979e-01	-3.514934e-02	-5.272397e-02	1.111709e+00
786	7.850085	-5.849502e-01	-8.774252e-01	-1.176539e-02	-1.764806e-02	1.112154e+00
787	7.860085	-5.850679e-01	-8.776017e-01	1.163262e-02	1.744895e-02	1.112599e+00
788	7.870085	-5.849515e-01	-8.774272e-01	3.503533e-02	5.255302e-02	1.113044e+00
789	7.880085	-5.846012e-01	-8.769017e-01	5.843339e-02	8.765011e-02	1.113489e+00
790	7.890086	-5.840169e-01	-8.760252e-01	8.181744e-02	1.227262e-01	1.113935e+00
791	7.900086	-5.831987e-01	-8.747979e-01	1.051781e-01	1.577672e-01	1.114380e+00
792	7.910086	-5.821469e-01	-8.732203e-01	1.285061e-01	1.927591e-01	1.114826e+00
793	7.920086	-5.808618e-01	-8.712927e-01	1.517919e-01	2.276879e-01	1.115272e+00
794	7.930087	-5.793439e-01	-8.690158e-01	1.750264e-01	2.625396e-01	1.115718e+00
795	7.940087	-5.775936e-01	-8.663903e-01	1.982002e-01	2.973002e-01	1.116164e+00
796	7.950087	-5.756117e-01	-8.634173e-01	2.213039e-01	3.319559e-01	1.116611e+00
797	7.960087	-5.733986e-01	-8.600978e-01	2.443284e-01	3.664925e-01	1.117057e+00
798	7.970088	-5.709553e-01	-8.564329e-01	2.672643e-01	4.008965e-01	1.117504e+00
799	7.980088	-5.682826e-01	-8.524239e-01	2.901025e-01	4.351538e-01	1.117951e+00
800	7.990088	-5.653816e-01	-8.480724e-01	3.128338e-01	4.692507e-01	1.118398e+00
801	8.000088	-5.622532e-01	-8.433799e-01	3.354491e-01	5.031736e-01	1.118846e+00
802	8.010088	-5.588987e-01	-8.383481e-01	3.579392e-01	5.369089e-01	1.119293e+00
803	8.020088	-5.553194e-01	-8.329790e-01	3.802952e-01	5.704428e-01	1.119741e+00
804	8.030088	-5.515164e-01	-8.272746e-01	4.025080e-01	6.037620e-01	1.120189e+00
805	8.040089	-5.474913e-01	-8.212370e-01	4.245686e-01	6.368530e-01	1.120637e+00
806	8.050089	-5.432456e-01	-8.148685e-01	4.464683e-01	6.697025e-01	1.121085e+00
807	8.060089	-5.387809e-01	-8.081715e-01	4.681981e-01	7.022972e-01	1.121534e+00
808	8.070089	-5.340989e-01	-8.011485e-01	4.897493e-01	7.346241e-01	1.121982e+00
809	8.080090	-5.292014e-01	-7.938023e-01	5.111133e-01	7.666700e-01	1.122431e+00
810	8.090090	-5.240903e-01	-7.861356e-01	5.322813e-01	7.984222e-01	1.122880e+00
811	8.100090	-5.187675e-01	-7.781514e-01	5.532449e-01	8.298676e-01	1.123329e+00
812	8.110090	-5.132350e-01	-7.698527e-01	5.739956e-01	8.609937e-01	1.123779e+00
813	8.120090	-5.074951e-01	-7.612427e-01	5.945250e-01	8.917878e-01	1.124228e+00
814	8.130091	-5.015498e-01	-7.523249e-01	6.148248e-01	9.222375e-01	1.124678e+00
815	8.140091	-4.954016e-01	-7.431025e-01	6.348868e-01	9.523305e-01	1.125128e+00
816	8.150091	-4.890527e-01	-7.335792e-01	6.547028e-01	9.820546e-01	1.125578e+00
817	8.160091	-4.825057e-01	-7.237586e-01	6.742650e-01	1.011398e+00	1.126028e+00
818	8.170092	-4.757630e-01	-7.136447e-01	6.935652e-01	1.040348e+00	1.126478e+00
819	8.180092	-4.688274e-01	-7.032412e-01	7.125957e-01	1.068894e+00	1.126929e+00
820	8.190092	-4.617014e-01	-6.925523e-01	7.313488e-01	1.097023e+00	1.127380e+00
821	8.200092	-4.543879e-01	-6.815820e-01	7.498169e-01	1.124726e+00	1.127831e+00
822	8.210093	-4.468898e-01	-6.703348e-01	7.679924e-01	1.151989e+00	1.128282e+00
823	8.220093	-4.392098e-01	-6.588148e-01	7.858680e-01	1.178802e+00	1.128733e+00
824	8.230093	-4.313511e-01	-6.470268e-01	8.034365e-01	1.205155e+00	1.129185e+00
825	8.240093	-4.233167e-01	-6.349753e-01	8.206905e-01	1.231036e+00	1.129636e+00
826	8.250093	-4.151098e-01	-6.226649e-01	8.376232e-01	1.256435e+00	1.130088e+00
827	8.260094	-4.067336e-01	-6.101006e-01	8.542275e-01	1.281342e+00	1.130540e+00
828	8.270094	-3.981913e-01	-5.972872e-01	8.704969e-01	1.305746e+00	1.130992e+00
829	8.280094	-3.894864e-01	-5.842297e-01	8.864245e-01	1.329637e+00	1.131445e+00
830	8.290094	-3.806221e-01	-5.709333e-01	9.020040e-01	1.353006e+00	1.131897e+00
831	8.300095	-3.716021e-01	-5.574033e-01	9.172289e-01	1.375844e+00	1.132350e+00
832	8.310095	-3.624298e-01	-5.436448e-01	9.320930e-01	1.398140e+00	1.132803e+00
833	8.320095	-3.531089e-01	-5.296634e-01	9.465902e-01	1.419886e+00	1.133256e+00
834	8.330095	-3.436430e-01	-5.154646e-01	9.607145e-01	1.441072e+00	1.133710e+00
835	8.340096	-3.340358e-01	-5.010539e-01	9.744602e-01	1.461691e+00	1.134163e+00
836	8.350096	-3.242912e-01	-4.864370e-01	9.878217e-01	1.481733e+00	1.134617e+00
837	8.360096	-3.144130e-01	-4.716196e-01	1.000793e+00	1.501190e+00	1.135070e+00
838	8.370096	-3.044051e-01	-4.566077e-01	1.013370e+00	1.520055e+00	1.135525e+00
839	8.380096	-2.942714e-01	-4.414072e-01	1.025546e+00	1.538319e+00	1.135979e+00
840	8.390097	-2.840160e-01	-4.260240e-01	1.037317e+00	1.555976e+00	1.136433e+00
841	8.400097	-2.736428e-01	-4.104642e-01	1.048677e+00	1.573017e+00	1.136888e+00
842	8.410097	-2.631560e-01	-3.947341e-01	1.059623e+00	1.589435e+00	1.137342e+00
843	8.420097	-2.525598e-01	-3.788397e-01	1.070149e+00	1.605225e+00	1.137797e+00
844	8.430098	-2.418583e-01	-3.627875e-01	1.080252e+00	1.620378e+00	1.138253e+00
845	8.440098	-2.310558e-01	-3.465837e-01	1.089926e+00	1.634890e+00	1.138708e+00
846	8.450098	-2.201565e-01	-3.302348e-01	1.099168e+00	1.648753e+00	1.139163e+00
847	8.460098	-2.091648e-01	-3.137472e-01	1.107975e+00	1.661962e+00	1.139619e+00
848	8.470098	-1.980851e-01	-2.971276e-01	1.116341e+00	1.674512e+00	1.140075e+00
849	8.480099	-1.869217e-01	-2.803825e-01	1.124264e+00	1.686397e+00	1.140531e+00
850	8.490099	-1.756790e-01	-2.635185e-01	1.131741e+00	1.697613e+00	1.140987e+00
851	8.500099	-1.643616e-01	-2.465424e-01	1.138769e+00	1.708153e+00	1.141443e+00
852	8.510099	-1.529739e-01	-2.294609e-01	1.145343e+00	1.718015e+00	1.141900e+00
853	8.520100	-1.415205e-01	-2.122807e-01	1.151462e+00	1.727193e+00	1.142357e+00
854	8.530100	-1.300059e-01	-1.950088e-01	1.157123e+00	1.735685e+00	1.142814e+00
855	8.540100	-1.184346e-01	-1.776519e-01	1.162323e+00	1.743485e+00	1.143271e+00
856	8.550100	-1.068114e-01	-1.602171e-01	1.167060e+00	1.750591e+00	1.143728e+00
857	8.560101	-9.514080e-02	-1.427112e-01	1.171333e+00	1.757000e+00	1.144186e+00
858	8.570101	-8.342747e-02	-1.251412e-01	1.175139e+00	1.762708e+00	1.144643e+00
859	8.580101	-7.167609e-02	-1.075141e-01	1.178476e+00	1.767714e+00	1.145101e+00
860	8.590101	-5.989133e-02	-8.983696e-02	1.181343e+00	1.772014e+00	1.145559e+00
861	8.600101	-4.807790e-02	-7.211681e-02	1.183738e+00	1.775608e+00	1.146017e+00
862	8.610102	-3.624052e-02	-5.436073e-02	1.185662e+00	1.778493e+00	1.146476e+00
863	8.620102	-2.438390e-02	-3.657580e-02	1.187111e+00	1.780667e+00	1.146934e+00
864	8.630102	-1.251279e-02	-1.876913e-02	1.188087e+00	1.782130e+00	1.147393e+00
865	8.640102	-6.319266e-04	-9.478331e-04	1.188587e+00	1.782881e+00	1.147852e+00
866	8.650103	1.125394e-02	1.688097e-02	1.188612e+00	1.782919e+00	1.148311e+00
867	8.660103	2.314007e-02	3.471016e-02	1.188162e+00	1.782243e+00	1.148771e+00
868	8.670103	3.502169e-02	5.253260e-02	1.187237e+00	1.780855e+00	1.149230e+00
869	8.680103	4.689405e-02	7.034115e-02	1.185836e+00	1.778754e+00	1.149690e+00
870	8.690104	5.875241e-02	8.812869e-02	1.183960e+00	1.775940e+00	1.150150e+00
871	8.700104	7.059201e-02	1.058881e-01	1.181610e+00	1.772415e+00	1.150610e+00
872	8.710104	8.240811e-02	1.236122e-01	1.178786e+00	1.768179e+00	1.151070e+00
873	8.720104	9.419597e-02	1.412940e-01	1.175490e+00	1.763235e+00	1.151530e+00
874	8.730104	1.059509e-01	1.589264e-01	1.171722e+00	1.757583e+00	1.151991e+00
875	8.740105	1.176681e-01	1.765022e-01	1.167484e+00	1.751226e+00	1.152452e+00
876	8.750105	1.293429e-01	1.940145e-01	1.162777e+00	1.744166e+00	1.152913e+00
877	8.760105	1.409707e-01	2.114561e-01	1.157604e+00	1.736406e+00	1.153374e+00
878	8.770105	1.525467e-01	2.288202e-01	1.151965e+00	1.727947e+00	1.153835e+00
879	8.780106	1.640664e-01	2.460997e-01	1.145863e+00	1.718795e+00	1.154297e+00
880	8.790106	1.755250e-01	2.632876e-01	1.139300e+00	1.708951e+00	1.154759e+00
881	8.800106	1.869180e-01	2.803771e-01	1.132279e+00	1.698419e+00	1.155221e+00
882	8.810106	1.982408e-01	2.973613e-01	1.124802e+00	1.687204e+00	1.155683e+00
883	8.820107	2.094888e-01	3.142334e-01	1.116873e+00	1.675310e+00	1.156145e+00
884	8.830107	2.206576e-01	3.309865e-01	1.108493e+00	1.662740e+00	1.156607e+00
885	8.840107	2.317425e-01	3.476139e-01	1.099667e+00	1.649501e+00	1.157070e+00
886	8.850107	2.427392e-01	3.641089e-01	1.090397e+00	1.635596e+00	1.157533e+00
887	8.860107	2.536431e-01	3.804649e-01	1.080688e+00	1.621032e+00	1.157996e+00
888	8.870108	2.644500e-01	3.966752e-01	1.070542e+00	1.605813e+00	1.158459e+00
889	8.880108	2.751554e-01	4.127333e-01	1.059964e+00	1.589946e+00	1.158922e+00
890	8.890108	2.857551e-01	4.286327e-01	1.048958e+00	1.573437e+00	1.159386e+00
891	8.900108	2.962447e-01	4.443671e-01	1.037527e+00	1.556292e+00	1.159850e+00
892	8.910109	3.066199e-01	4.599300e-01	1.025678e+00	1.538517e+00	1.160314e+00
893	8.920109	3.168767e-01	4.753152e-01	1.013413e+00	1.520120e+00	1.160778e+00
894	8.930109	3.270108e-01	4.905164e-01	1.000738e+00	1.501107e+00	1.161242e+00
895	8.940109	3.370182e-01	5.055275e-01	9.876574e-01	1.481486e+00	1.161707e+00
896	8.950109	3.468948e-01	5.203424e-01	9.741766e-01	1.461265e+00	1.162171e+00
897	8.960110	3.566365e-01	5.349550e-01	9.603009e-01	1.440452e+00	1.162636e+00
898	8.970110	3.662395e-01	5.493596e-01	9.460354e-01	1.419053e+00	1.163101e+00
899	8.980110	3.756999e-01	5.635501e-01	9.313858e-01	1.397079e+00	1.163567e+00
900	8.990110	3.850138e-01	5.775209e-01	9.163578e-01	1.374537e+00	1.164032e+00
901	9.000111	3.941773e-01	5.912663e-01	9.009573e-01	1.351436e+00	1.164498e+00
902	9.010111	4.031869e-01	6.047806e-01	8.851902e-01	1.327786e+00	1.164963e+00
903	9.020111	4.120388e-01	6.180584e-01	8.690627e-01	1.303594e+00	1.165429e+00
904	9.030111	4.207295e-01	6.310944e-01	8.525811e-01	1.278872e+00	1.165895e+00
905	9.040112	4.292553e-01	6.438831e-01	8.357520e-01	1.253628e+00	1.166362e+00
906	9.050112	4.376128e-01	6.564194e-01	8.185818e-01	1.227873e+00	1.166828e+00
907	9.060112	4.457986e-01	6.686981e-01	8.010772e-01	1.201616e+00	1.167295e+00
908	9.070112	4.538094e-01	6.807143e-01	7.832453e-01	1.174868e+00	1.167762e+00
909	9.080112	4.616418e-01	6.924630e-01	7.650930e-01	1.147640e+00	1.168229e+00
910	9.090113	4.692928e-01	7.039394e-01	7.466273e-01	1.119941e+00	1.168696e+00
911	9.100113	4.767591e-01	7.151388e-01	7.278556e-01	1.091784e+00	1.169164e+00
912	9.110113	4.840376e-01	7.260566e-01	7.087852e-01	1.063178e+00	1.169632e+00
913	9.120113	4.911255e-01	7.366884e-01	6.894237e-01	1.034136e+00	1.170099e+00
914	9.130114	4.980197e-01	7.470298e-01	6.697786e-01	1.004668e+00	1.170568e+00
915	9.140114	5.047175e-01	7.570764e-01	6.498579e-01	9.747869e-01	1.171036e+00
916	9.150114	5.112161e-01	7.668243e-01	6.296692e-01	9.445039e-01	1.171504e+00
917	9.160114	5.175128e-01	7.762693e-01	6.092206e-01	9.138309e-01	1.171973e+00
918	9.170115	5.236050e-01	7.854076e-01	5.885201e-01	8.827802e-01	1.172441e+00
919	9.180115	5.294902e-01	7.942354e-01	5.675759e-01	8.513639e-01	1.172910e+00
920	9.190115	5.351659e-01	8.027490e-01	5.463963e-01	8.195945e-01	1.173380e+00
921	9.200115	5.406299e-01	8.109450e-01	5.249896e-01	7.874845e-01	1.173849e+00
922	9.210115	5.458798e-01	8.188198e-01	5.033644e-01	7.550467e-01	1.174318e+00
923	9.220116	5.509135e-01	8.263703e-01	4.815292e-01	7.222939e-01	1.174788e+00
924	9.230116	5.557287e-01	8.335932e-01	4.594927e-01	6.892391e-01	1.175258e+00
925	9.240116	5.603237e-01	8.404856e-01	4.372635e-01	6.558954e-01	1.175728e+00
926	9.250116	5.646963e-01	8.470446e-01	4.148506e-01	6.222759e-01	1.176199e+00
927	9.260117	5.688448e-01	8.532674e-01	3.922627e-01	5.883942e-01	1.176669e+00
928	9.270117	5.727674e-01	8.591513e-01	3.695089e-01	5.542635e-01	1.177140e+00
929	9.280117	5.764625e-01	8.646939e-01	3.465982e-01	5.198974e-01	1.177611e+00
930	9.290117	5.799285e-01	8.698929e-01	3.235397e-01	4.853097e-01	1.178082e+00
931	9.300117	5.831639e-01	8.747460e-01	3.003426e-01	4.505140e-01	1.178553e+00
932	9.310118	5.861673e-01	8.792511e-01	2.770160e-01	4.155241e-01	1.179024e+00
933	9.320118	5.889375e-01	8.834063e-01	2.535694e-01	3.803541e-01	1.179496e+00
934	9.330118	5.914732e-01	8.872099e-01	2.300119e-01	3.450178e-01	1.179968e+00
935	9.340118	5.937734e-01	8.906600e-01	2.063529e-01	3.095294e-01	1.180440e+00
936	9.350119	5.958369e-01	8.937553e-01	1.826020e-01	2.739030e-01	1.180912e+00
937	9.360119	5.976629e-01	8.964943e-01	1.587685e-01	2.381528e-01	1.181384e+00
938	9.370119	5.992506e-01	8.988758e-01	1.348620e-01	2.022930e-01	1.181857e+00
939	9.380119	6.005992e-01	9.008988e-01	1.108920e-01	1.663380e-01	1.182329e+00
940	9.390120	6.017082e-01	9.025621e-01	8.686803e-02	1.303020e-01	1.182802e+00
941	9.400120	6.025769e-01	9.038652e-01	6.279971e-02	9.419955e-02	1.183275e+00
942	9.410120	6.032048e-01	9.048072e-01	3.869663e-02	5.804495e-02	1.183749e+00
943	9.420120	6.035918e-01	9.053876e-01	1.456844e-02	2.185266e-02	1.184222e+00
944	9.430120	6.037375e-01	9.056061e-01	-9.575233e-03	-1.436284e-02	1.184696e+00
945	9.440121	6.036417e-01	9.054624e-01	-3.372473e-02	-5.058708e-02	1.185170e+00
946	9.450121	6.033045e-01	9.049566e-01	-5.787040e-02	-8.680558e-02	1.185644e+00
947	9.460121	6.027258e-01	9.040885e-01	-8.200258e-02	-1.230038e-01	1.186118e+00
948	9.470121	6.019058e-01	9.028584e-01	-1.061116e-01	-1.591674e-01	1.186592e+00
949	9.480122	6.008446e-01	9.012668e-01	-1.301878e-01	-1.952817e-01	1.187067e+00
950	9.490122	5.995427e-01	8.993139e-01	-1.542216e-01	-2.313324e-01	1.187542e+00
951	9.500122	5.980005e-01	8.970006e-01	-1.782033e-01	-2.673050e-01	1.188017e+00
952	9.510122	5.962185e-01	8.943276e-01	-2.021233e-01	-3.031850e-01	1.188492e+00
953	9.520123	5.941972e-01	8.912957e-01	-2.259721e-01	-3.389581e-01	1.188967e+00
954	9.530123	5.919375e-01	8.879061e-01	-2.497400e-01	-3.746099e-01	1.189443e+00
955	9.540123	5.894401e-01	8.841600e-01	-2.734175e-01	-4.101261e-01	1.189919e+00
956	9.550123	5.867059e-01	8.800588e-01	-2.969951e-01	-4.454926e-01	1.190395e+00
957	9.560123	5.837359e-01	8.756039e-01	-3.204633e-01	-4.806949e-01	1.190871e+00
958	9.570124	5.805313e-01	8.707969e-01	-3.438127e-01	-5.157191e-01	1.191347e+00
959	9.580124	5.770932e-01	8.656397e-01	-3.670340e-01	-5.505509e-01	1.191824e+00
960	9.590124	5.734228e-01	8.601342e-01	-3.901177e-01	-5.851765e-01	1.192300e+00
961	9.600124	5.695217e-01	8.542825e-01	-4.130546e-01	-6.195819e-01	1.192778e+00
962	9.610125	5.653911e-01	8.480867e-01	-4.358355e-01	-6.537532e-01	1.193255e+00
963	9.620125	5.610328e-01	8.415491e-01	-4.584511e-01	-6.876766e-01	1.193732e+00
964	9.630125	5.564483e-01	8.346723e-01	-4.808924e-01	-7.213386e-01	1.194209e+00
965	9.640125	5.516394e-01	8.274589e-01	-5.031503e-01	-7.547255e-01	1.194687e+00
966	9.650126	5.466079e-01	8.199117e-01	-5.252159e-01	-7.878238e-01	1.195165e+00
967	9.660126	5.413557e-01	8.120334e-01	-5.470802e-01	-8.206202e-01	1.195643e+00
968	9.670126	5.358849e-01	8.038272e-01	-5.687345e-01	-8.531016e-01	1.196121e+00
969	9.680126	5.301975e-01	7.952962e-01	-5.901698e-01	-8.852546e-01	1.196599e+00
970	9.690126	5.242958e-01	7.864437e-01	-6.113777e-01	-9.170665e-01	1.197078e+00
971	9.700127	5.181820e-01	7.772730e-01	-6.323496e-01	-9.485242e-01	1.197557e+00
972	9.710127	5.118585e-01	7.677878e-01	-6.530768e-01	-9.796151e-01	1.198036e+00
973	9.720127	5.053278e-01	7.579916e-01	-6.735511e-01	-1.010327e+00	1.198515e+00
974	9.730127	4.985923e-01	7.478883e-01	-6.937643e-01	-1.040646e+00	1.198995e+00
975	9.740128	4.916546e-01	7.374819e-01	-7.137080e-01	-1.070562e+00	1.199474e+00
976	9.750128	4.845175e-01	7.267763e-01	-7.333742e-01	-1.100061e+00	1.199954e+00
977	9.760128	4.771838e-01	7.157757e-01	-7.527549e-01	-1.129132e+00	1.200434e+00
978	9.770128	4.696562e-01	7.044843e-01	-7.718422e-01	-1.157763e+00	1.200914e+00
979	9.780128	4.619378e-01	6.929067e-01	-7.906285e-01	-1.185943e+00	1.201395e+00
980	9.790129	4.540315e-01	6.810473e-01	-8.091060e-01	-1.213659e+00	1.201875e+00
981	9.800129	4.459404e-01	6.689107e-01	-8.272672e-01	-1.240901e+00	1.202356e+00
982	9.810129	4.376678e-01	6.565017e-01	-8.451049e-01	-1.267657e+00	1.202837e+00
983	9.820129	4.292167e-01	6.438251e-01	-8.626116e-01	-1.293917e+00	1.203318e+00
984	9.830130	4.205906e-01	6.308860e-01	-8.797802e-01	-1.319670e+00	1.203799e+00
985	9.840130	4.117928e-01	6.176893e-01	-8.966039e-01	-1.344906e+00	1.204281e+00
986	9.850130	4.028268e-01	6.042402e-01	-9.130756e-01	-1.369613e+00	1.204762e+00
987	9.860130	3.936960e-01	5.905440e-01	-9.291886e-01	-1.393783e+00	1.205244e+00
988	9.870131	3.844042e-01	5.766062e-01	-9.449365e-01	-1.417405e+00	1.205727e+00
989	9.880131	3.749548e-01	5.624322e-01	-9.603126e-01	-1.440469e+00	1.206209e+00
990	9.890131	3.653517e-01	5.480275e-01	-9.753108e-01	-1.462966e+00	1.206691e+00
991	9.900131	3.555986e-01	5.333978e-01	-9.899248e-01	-1.484887e+00	1.207174e+00
992	9.910131	3.456993e-01	5.185489e-01	-1.004149e+00	-1.506223e+00	1.207657e+00
993	9.920132	3.356578e-01	5.034867e-01	-1.017977e+00	-1.526965e+00	1.208140e+00
994	9.930132	3.254781e-01	4.882171e-01	-1.031403e+00	-1.547105e+00	1.208623e+00
995	9.940132	3.151641e-01	4.727460e-01	-1.044422e+00	-1.566633e+00	1.209107e+00
996	9.950132	3.047198e-01	4.570797e-01	-1.057029e+00	-1.585543e+00	1.209590e+00
997	9.960133	2.941495e-01	4.412242e-01	-1.069218e+00	-1.603826e+00	1.210074e+00
998	9.970133	2.834574e-01	4.251860e-01	-1.080984e+00	-1.621475e+00	1.210558e+00
999	9.980133	2.726475e-01	4.089712e-01	-1.092322e+00	-1.638483e+00	1.211042e+00
1000	9.990133	2.617243e-01	3.925864e-01	-1.103228e+00	-1.654842e+00	1.211527e+00
1001	10.000134	2.506920e-01	3.760380e-01	-1.113697e+00	-1.670545e+00	1.212011e+00
