#	t		x		y		z		vx		vy		vz		Ec
1	0.000000	0.000000e+00	0.000000e+00	0.000000e+00	5.000000e+00	0.000000e+00	4.000000e+00	1.025000e+02
2	0.001000	5.000000e-03	0.000000e+00	4.000000e-03	5.000000e+00	0.000000e+00	3.990190e+00	1.025002e+02
3	0.002000	1.000000e-02	0.000000e+00	7.990190e-03	5.000000e+00	0.000000e+00	3.980380e+00	1.025005e+02
4	0.003000	1.500000e-02	0.000000e+00	1.197057e-02	5.000000e+00	0.000000e+00	3.970570e+00	1.025007e+02
5	0.004000	2.000000e-02	0.000000e+00	1.594114e-02	5.000000e+00	0.000000e+00	3.960760e+00	1.025010e+02
6	0.005000	2.500000e-02	0.000000e+00	1.990190e-02	5.000000e+00	0.000000e+00	3.950950e+00	1.025012e+02
7	0.006000	3.000000e-02	0.000000e+00	2.385285e-02	5.000000e+00	0.000000e+00	3.941140e+00	1.025014e+02
8	0.007000	3.500000e-02	0.000000e+00	2.779399e-02	5.000000e+00	0.000000e+00	3.931330e+00	1.025017e+02
9	0.008000	4.000000e-02	0.000000e+00	3.172532e-02	5.000000e+00	0.000000e+00	3.921520e+00	1.025019e+02
10	0.009000	4.500000e-02	0.000000e+00	3.564684e-02	5.000000e+00	0.000000e+00	3.911710e+00	1.025022e+02
11	0.010000	5.000000e-02	0.000000e+00	3.955855e-02	5.000000e+00	0.000000e+00	3.901900e+00	1.025024e+02
12	0.011000	5.500000e-02	0.000000e+00	4.346045e-02	5.000000e+00	0.000000e+00	3.892090e+00	1.025026e+02
13	0.012000	6.000000e-02	0.000000e+00	4.735254e-02	5.000000e+00	0.000000e+00	3.882280e+00	1.025029e+02
14	0.013000	6.500000e-02	0.000000e+00	5.123482e-02	5.000000e+00	0.000000e+00	3.872470e+00	1.025031e+02
15	0.014000	7.000000e-02	0.000000e+00	5.510729e-02	5.000000e+00	0.000000e+00	3.862660e+00	1.025034e+02
16	0.015000	7.500000e-02	0.000000e+00	5.896995e-02	5.000000e+00	0.000000e+00	3.852850e+00	1.025036e+02
17	0.016000	8.000000e-02	0.000000e+00	6.282280e-02	5.000000e+00	0.000000e+00	3.843040e+00	1.025038e+02
18	0.017000	8.500000e-02	0.000000e+00	6.666584e-02	5.000000e+00	0.000000e+00	3.833230e+00	1.025041e+02
19	0.018000	9.000000e-02	0.000000e+00	7.049907e-02	5.000000e+00	0.000000e+00	3.823420e+00	1.025043e+02
20	0.019000	9.500000e-02	0.000000e+00	7.432249e-02	5.000000e+00	0.000000e+00	3.813610e+00	1.025046e+02
21	0.020000	1.000000e-01	0.000000e+00	7.813610e-02	5.000000e+00	0.000000e+00	3.803800e+00	1.025048e+02
22	0.021000	1.050000e-01	0.000000e+00	8.193990e-02	5.000000e+00	0.000000e+00	3.793990e+00	1.025051e+02
23	0.022000	1.100000e-01	0.000000e+00	8.573389e-02	5.000000e+00	0.000000e+00	3.784180e+00	1.025053e+02
24	0.023000	1.150000e-01	0.000000e+00	8.951807e-02	5.000000e+00	0.000000e+00	3.774370e+00	1.025055e+02
25	0.024000	1.200000e-01	0.000000e+00	9.329244e-02	5.000000e+00	0.000000e+00	3.764560e+00	1.025058e+02
26	0.025000	1.250000e-01	0.000000e+00	9.705700e-02	5.000000e+00	0.000000e+00	3.754750e+00	1.025060e+02
27	0.026000	1.300000e-01	0.000000e+00	1.008118e-01	5.000000e+00	0.000000e+00	3.744940e+00	1.025063e+02
28	0.027000	1.350000e-01	0.000000e+00	1.045567e-01	5.000000e+00	0.000000e+00	3.735130e+00	1.025065e+02
29	0.028000	1.400000e-01	0.000000e+00	1.082918e-01	5.000000e+00	0.000000e+00	3.725320e+00	1.025067e+02
30	0.029000	1.450000e-01	0.000000e+00	1.120171e-01	5.000000e+00	0.000000e+00	3.715510e+00	1.025070e+02
31	0.030000	1.500000e-01	0.000000e+00	1.157327e-01	5.000000e+00	0.000000e+00	3.705700e+00	1.025072e+02
32	0.031000	1.550000e-01	0.000000e+00	1.194384e-01	5.000000e+00	0.000000e+00	3.695890e+00	1.025075e+02
33	0.032000	1.600000e-01	0.000000e+00	1.231342e-01	5.000000e+00	0.000000e+00	3.686080e+00	1.025077e+02
34	0.033000	1.650000e-01	0.000000e+00	1.268203e-01	5.000000e+00	0.000000e+00	3.676270e+00	1.025079e+02
35	0.034000	1.700000e-01	0.000000e+00	1.304966e-01	5.000000e+00	0.000000e+00	3.666460e+00	1.025082e+02
36	0.035000	1.750000e-01	0.000000e+00	1.341631e-01	5.000000e+00	0.000000e+00	3.656650e+00	1.025084e+02
37	0.036000	1.800000e-01	0.000000e+00	1.378197e-01	5.000000e+00	0.000000e+00	3.646840e+00	1.025087e+02
38	0.037000	1.850000e-01	0.000000e+00	1.414665e-01	5.000000e+00	0.000000e+00	3.637030e+00	1.025089e+02
39	0.038000	1.900000e-01	0.000000e+00	1.451036e-01	5.000000e+00	0.000000e+00	3.627220e+00	1.025091e+02
40	0.039000	1.950000e-01	0.000000e+00	1.487308e-01	5.000000e+00	0.000000e+00	3.617410e+00	1.025094e+02
41	0.040000	2.000000e-01	0.000000e+00	1.523482e-01	5.000000e+00	0.000000e+00	3.607600e+00	1.025096e+02
42	0.041000	2.050000e-01	0.000000e+00	1.559558e-01	5.000000e+00	0.000000e+00	3.597790e+00	1.025099e+02
43	0.042000	2.100000e-01	0.000000e+00	1.595536e-01	5.000000e+00	0.000000e+00	3.587980e+00	1.025101e+02
44	0.043000	2.150000e-01	0.000000e+00	1.631416e-01	5.000000e+00	0.000000e+00	3.578170e+00	1.025103e+02
45	0.044000	2.200000e-01	0.000000e+00	1.667197e-01	5.000000e+00	0.000000e+00	3.568360e+00	1.025106e+02
46	0.045000	2.250000e-01	0.000000e+00	1.702881e-01	5.000000e+00	0.000000e+00	3.558550e+00	1.025108e+02
47	0.046000	2.300000e-01	0.000000e+00	1.738467e-01	5.000000e+00	0.000000e+00	3.548740e+00	1.025111e+02
48	0.047000	2.350000e-01	0.000000e+00	1.773954e-01	5.000000e+00	0.000000e+00	3.538930e+00	1.025113e+02
49	0.048000	2.400000e-01	0.000000e+00	1.809343e-01	5.000000e+00	0.000000e+00	3.529120e+00	1.025115e+02
50	0.049000	2.450000e-01	0.000000e+00	1.844634e-01	5.000000e+00	0.000000e+00	3.519310e+00	1.025118e+02
51	0.050000	2.500000e-01	0.000000e+00	1.879828e-01	5.000000e+00	0.000000e+00	3.509500e+00	1.025120e+02
52	0.051000	2.550000e-01	0.000000e+00	1.914923e-01	5.000000e+00	0.000000e+00	3.499690e+00	1.025123e+02
53	0.052000	2.600000e-01	0.000000e+00	1.949919e-01	5.000000e+00	0.000000e+00	3.489880e+00	1.025125e+02
54	0.053000	2.650000e-01	0.000000e+00	1.984818e-01	5.000000e+00	0.000000e+00	3.480070e+00	1.025128e+02
55	0.054000	2.700000e-01	0.000000e+00	2.019619e-01	5.000000e+00	0.000000e+00	3.470260e+00	1.025130e+02
56	0.055000	2.750000e-01	0.000000e+00	2.054322e-01	5.000000e+00	0.000000e+00	3.460450e+00	1.025132e+02
57	0.056000	2.800000e-01	0.000000e+00	2.088926e-01	5.000000e+00	0.000000e+00	3.450640e+00	1.025135e+02
58	0.057000	2.850000e-01	0.000000e+00	2.123432e-01	5.000000e+00	0.000000e+00	3.440830e+00	1.025137e+02
59	0.058000	2.900000e-01	0.000000e+00	2.157841e-01	5.000000e+00	0.000000e+00	3.431020e+00	1.025140e+02
60	0.059000	2.950000e-01	0.000000e+00	2.192151e-01	5.000000e+00	0.000000e+00	3.421210e+00	1.025142e+02
61	0.060000	3.000000e-01	0.000000e+00	2.226363e-01	5.000000e+00	0.000000e+00	3.411400e+00	1.025144e+02
62	0.061000	3.050000e-01	0.000000e+00	2.260477e-01	5.000000e+00	0.000000e+00	3.401590e+00	1.025147e+02
63	0.062000	3.100000e-01	0.000000e+00	2.294493e-01	5.000000e+00	0.000000e+00	3.391780e+00	1.025149e+02
64	0.063000	3.150000e-01	0.000000e+00	2.328411e-01	5.000000e+00	0.000000e+00	3.381970e+00	1.025152e+02
65	0.064000	3.200000e-01	0.000000e+00	2.362230e-01	5.000000e+00	0.000000e+00	3.372160e+00	1.025154e+02
66	0.065000	3.250000e-01	0.000000e+00	2.395952e-01	5.000000e+00	0.000000e+00	3.362350e+00	1.025156e+02
67	0.066000	3.300000e-01	0.000000e+00	2.429576e-01	5.000000e+00	0.000000e+00	3.352540e+00	1.025159e+02
68	0.067000	3.350000e-01	0.000000e+00	2.463101e-01	5.000000e+00	0.000000e+00	3.342730e+00	1.025161e+02
69	0.068000	3.400000e-01	0.000000e+00	2.496528e-01	5.000000e+00	0.000000e+00	3.332920e+00	1.025164e+02
70	0.069000	3.450000e-01	0.000000e+00	2.529857e-01	5.000000e+00	0.000000e+00	3.323110e+00	1.025166e+02
71	0.070000	3.500000e-01	0.000000e+00	2.563089e-01	5.000000e+00	0.000000e+00	3.313300e+00	1.025168e+02
72	0.071000	3.550000e-01	0.000000e+00	2.596222e-01	5.000000e+00	0.000000e+00	3.303490e+00	1.025171e+02
73	0.072000	3.600000e-01	0.000000e+00	2.629256e-01	5.000000e+00	0.000000e+00	3.293680e+00	1.025173e+02
74	0.073000	3.650000e-01	0.000000e+00	2.662193e-01	5.000000e+00	0.000000e+00	3.283870e+00	1.025176e+02
75	0.074000	3.700000e-01	0.000000e+00	2.695032e-01	5.000000e+00	0.000000e+00	3.274060e+00	1.025178e+02
76	0.075000	3.750000e-01	0.000000e+00	2.727773e-01	5.000000e+00	0.000000e+00	3.264250e+00	1.025180e+02
77	0.076000	3.800000e-01	0.000000e+00	2.760415e-01	5.000000e+00	0.000000e+00	3.254440e+00	1.025183e+02
78	0.077000	3.850000e-01	0.000000e+00	2.792959e-01	5.000000e+00	0.000000e+00	3.244630e+00	1.025185e+02
79	0.078000	3.900000e-01	0.000000e+00	2.825406e-01	5.000000e+00	0.000000e+00	3.234820e+00	1.025188e+02
80	0.079000	3.950000e-01	0.000000e+00	2.857754e-01	5.000000e+00	0.000000e+00	3.225010e+00	1.025190e+02
81	0.080000	4.000000e-01	0.000000e+00	2.890004e-01	5.000000e+00	0.000000e+00	3.215200e+00	1.025192e+02
82	0.081000	4.050000e-01	0.000000e+00	2.922156e-01	5.000000e+00	0.000000e+00	3.205390e+00	1.025195e+02
83	0.082000	4.100000e-01	0.000000e+00	2.954210e-01	5.000000e+00	0.000000e+00	3.195580e+00	1.025197e+02
84	0.083000	4.150000e-01	0.000000e+00	2.986166e-01	5.000000e+00	0.000000e+00	3.185770e+00	1.025200e+02
85	0.084000	4.200000e-01	0.000000e+00	3.018023e-01	5.000000e+00	0.000000e+00	3.175960e+00	1.025202e+02
86	0.085000	4.250000e-01	0.000000e+00	3.049783e-01	5.000000e+00	0.000000e+00	3.166150e+00	1.025205e+02
87	0.086000	4.300000e-01	0.000000e+00	3.081445e-01	5.000000e+00	0.000000e+00	3.156340e+00	1.025207e+02
88	0.087000	4.350000e-01	0.000000e+00	3.113008e-01	5.000000e+00	0.000000e+00	3.146530e+00	1.025209e+02
89	0.088000	4.400000e-01	0.000000e+00	3.144473e-01	5.000000e+00	0.000000e+00	3.136720e+00	1.025212e+02
90	0.089000	4.450000e-01	0.000000e+00	3.175840e-01	5.000000e+00	0.000000e+00	3.126910e+00	1.025214e+02
91	0.090000	4.500000e-01	0.000000e+00	3.207110e-01	5.000000e+00	0.000000e+00	3.117100e+00	1.025217e+02
92	0.091000	4.550000e-01	0.000000e+00	3.238281e-01	5.000000e+00	0.000000e+00	3.107290e+00	1.025219e+02
93	0.092000	4.600000e-01	0.000000e+00	3.269353e-01	5.000000e+00	0.000000e+00	3.097480e+00	1.025221e+02
94	0.093000	4.650000e-01	0.000000e+00	3.300328e-01	5.000000e+00	0.000000e+00	3.087670e+00	1.025224e+02
95	0.094000	4.700000e-01	0.000000e+00	3.331205e-01	5.000000e+00	0.000000e+00	3.077860e+00	1.025226e+02
96	0.095000	4.750000e-01	0.000000e+00	3.361984e-01	5.000000e+00	0.000000e+00	3.068050e+00	1.025229e+02
97	0.096000	4.800000e-01	0.000000e+00	3.392664e-01	5.000000e+00	0.000000e+00	3.058240e+00	1.025231e+02
98	0.097000	4.850000e-01	0.000000e+00	3.423246e-01	5.000000e+00	0.000000e+00	3.048430e+00	1.025233e+02
99	0.098000	4.900000e-01	0.000000e+00	3.453731e-01	5.000000e+00	0.000000e+00	3.038620e+00	1.025236e+02
100	0.099000	4.950000e-01	0.000000e+00	3.484117e-01	5.000000e+00	0.000000e+00	3.028810e+00	1.025238e+02
101	0.100000	5.000000e-01	0.000000e+00	3.514405e-01	5.000000e+00	0.000000e+00	3.019000e+00	1.025241e+02
102	0.101000	5.050000e-01	0.000000e+00	3.544595e-01	5.000000e+00	0.000000e+00	3.009190e+00	1.025243e+02
103	0.102000	5.100000e-01	0.000000e+00	3.574687e-01	5.000000e+00	0.000000e+00	2.999380e+00	1.025245e+02
104	0.103000	5.150000e-01	0.000000e+00	3.604681e-01	5.000000e+00	0.000000e+00	2.989570e+00	1.025248e+02
105	0.104000	5.200000e-01	0.000000e+00	3.634576e-01	5.000000e+00	0.000000e+00	2.979760e+00	1.025250e+02
106	0.105000	5.250000e-01	0.000000e+00	3.664374e-01	5.000000e+00	0.000000e+00	2.969950e+00	1.025253e+02
107	0.106000	5.300000e-01	0.000000e+00	3.694074e-01	5.000000e+00	0.000000e+00	2.960140e+00	1.025255e+02
108	0.107000	5.350000e-01	0.000000e+00	3.723675e-01	5.000000e+00	0.000000e+00	2.950330e+00	1.025257e+02
109	0.108000	5.400000e-01	0.000000e+00	3.753178e-01	5.000000e+00	0.000000e+00	2.940520e+00	1.025260e+02
110	0.109000	5.450000e-01	0.000000e+00	3.782583e-01	5.000000e+00	0.000000e+00	2.930710e+00	1.025262e+02
111	0.110000	5.500000e-01	0.000000e+00	3.811891e-01	5.000000e+00	0.000000e+00	2.920900e+00	1.025265e+02
112	0.111000	5.550000e-01	0.000000e+00	3.841100e-01	5.000000e+00	0.000000e+00	2.911090e+00	1.025267e+02
113	0.112000	5.600000e-01	0.000000e+00	3.870210e-01	5.000000e+00	0.000000e+00	2.901280e+00	1.025269e+02
114	0.113000	5.650000e-01	0.000000e+00	3.899223e-01	5.000000e+00	0.000000e+00	2.891470e+00	1.025272e+02
115	0.114000	5.700000e-01	0.000000e+00	3.928138e-01	5.000000e+00	0.000000e+00	2.881660e+00	1.025274e+02
116	0.115000	5.750000e-01	0.000000e+00	3.956955e-01	5.000000e+00	0.000000e+00	2.871850e+00	1.025277e+02
117	0.116000	5.800000e-01	0.000000e+00	3.985673e-01	5.000000e+00	0.000000e+00	2.862040e+00	1.025279e+02
118	0.117000	5.850000e-01	0.000000e+00	4.014293e-01	5.000000e+00	0.000000e+00	2.852230e+00	1.025281e+02
119	0.118000	5.900000e-01	0.000000e+00	4.042816e-01	5.000000e+00	0.000000e+00	2.842420e+00	1.025284e+02
120	0.119000	5.950000e-01	0.000000e+00	4.071240e-01	5.000000e+00	0.000000e+00	2.832610e+00	1.025286e+02
121	0.120000	6.000000e-01	0.000000e+00	4.099566e-01	5.000000e+00	0.000000e+00	2.822800e+00	1.025289e+02
122	0.121000	6.050000e-01	0.000000e+00	4.127794e-01	5.000000e+00	0.000000e+00	2.812990e+00	1.025291e+02
123	0.122000	6.100000e-01	0.000000e+00	4.155924e-01	5.000000e+00	0.000000e+00	2.803180e+00	1.025294e+02
124	0.123000	6.150000e-01	0.000000e+00	4.183956e-01	5.000000e+00	0.000000e+00	2.793370e+00	1.025296e+02
125	0.124000	6.200000e-01	0.000000e+00	4.211889e-01	5.000000e+00	0.000000e+00	2.783560e+00	1.025298e+02
126	0.125000	6.250000e-01	0.000000e+00	4.239725e-01	5.000000e+00	0.000000e+00	2.773750e+00	1.025301e+02
127	0.126000	6.300000e-01	0.000000e+00	4.267463e-01	5.000000e+00	0.000000e+00	2.763940e+00	1.025303e+02
128	0.127000	6.350000e-01	0.000000e+00	4.295102e-01	5.000000e+00	0.000000e+00	2.754130e+00	1.025306e+02
129	0.128000	6.400000e-01	0.000000e+00	4.322643e-01	5.000000e+00	0.000000e+00	2.744320e+00	1.025308e+02
130	0.129000	6.450000e-01	0.000000e+00	4.350086e-01	5.000000e+00	0.000000e+00	2.734510e+00	1.025310e+02
131	0.130000	6.500000e-01	0.000000e+00	4.377432e-01	5.000000e+00	0.000000e+00	2.724700e+00	1.025313e+02
132	0.131000	6.550000e-01	0.000000e+00	4.404679e-01	5.000000e+00	0.000000e+00	2.714890e+00	1.025315e+02
133	0.132000	6.600000e-01	0.000000e+00	4.431827e-01	5.000000e+00	0.000000e+00	2.705080e+00	1.025318e+02
134	0.133000	6.650000e-01	0.000000e+00	4.458878e-01	5.000000e+00	0.000000e+00	2.695270e+00	1.025320e+02
135	0.134000	6.700000e-01	0.000000e+00	4.485831e-01	5.000000e+00	0.000000e+00	2.685460e+00	1.025322e+02
136	0.135000	6.750000e-01	0.000000e+00	4.512686e-01	5.000000e+00	0.000000e+00	2.675650e+00	1.025325e+02
137	0.136000	6.800000e-01	0.000000e+00	4.539442e-01	5.000000e+00	0.000000e+00	2.665840e+00	1.025327e+02
138	0.137000	6.850000e-01	0.000000e+00	4.566100e-01	5.000000e+00	0.000000e+00	2.656030e+00	1.025330e+02
139	0.138000	6.900000e-01	0.000000e+00	4.592661e-01	5.000000e+00	0.000000e+00	2.646220e+00	1.025332e+02
140	0.139000	6.950000e-01	0.000000e+00	4.619123e-01	5.000000e+00	0.000000e+00	2.636410e+00	1.025334e+02
141	0.140000	7.000000e-01	0.000000e+00	4.645487e-01	5.000000e+00	0.000000e+00	2.626600e+00	1.025337e+02
142	0.141000	7.050000e-01	0.000000e+00	4.671753e-01	5.000000e+00	0.000000e+00	2.616790e+00	1.025339e+02
143	0.142000	7.100000e-01	0.000000e+00	4.697921e-01	5.000000e+00	0.000000e+00	2.606980e+00	1.025342e+02
144	0.143000	7.150000e-01	0.000000e+00	4.723991e-01	5.000000e+00	0.000000e+00	2.597170e+00	1.025344e+02
145	0.144000	7.200000e-01	0.000000e+00	4.749962e-01	5.000000e+00	0.000000e+00	2.587360e+00	1.025346e+02
146	0.145000	7.250000e-01	0.000000e+00	4.775836e-01	5.000000e+00	0.000000e+00	2.577550e+00	1.025349e+02
147	0.146000	7.300000e-01	0.000000e+00	4.801612e-01	5.000000e+00	0.000000e+00	2.567740e+00	1.025351e+02
148	0.147000	7.350000e-01	0.000000e+00	4.827289e-01	5.000000e+00	0.000000e+00	2.557930e+00	1.025354e+02
149	0.148000	7.400000e-01	0.000000e+00	4.852868e-01	5.000000e+00	0.000000e+00	2.548120e+00	1.025356e+02
150	0.149000	7.450000e-01	0.000000e+00	4.878349e-01	5.000000e+00	0.000000e+00	2.538310e+00	1.025358e+02
151	0.150000	7.500000e-01	0.000000e+00	4.903733e-01	5.000000e+00	0.000000e+00	2.528500e+00	1.025361e+02
152	0.151000	7.550000e-01	0.000000e+00	4.929018e-01	5.000000e+00	0.000000e+00	2.518690e+00	1.025363e+02
153	0.152000	7.600000e-01	0.000000e+00	4.954204e-01	5.000000e+00	0.000000e+00	2.508880e+00	1.025366e+02
154	0.153000	7.650000e-01	0.000000e+00	4.979293e-01	5.000000e+00	0.000000e+00	2.499070e+00	1.025368e+02
155	0.154000	7.700000e-01	0.000000e+00	5.004284e-01	5.000000e+00	0.000000e+00	2.489260e+00	1.025371e+02
156	0.155000	7.750000e-01	0.000000e+00	5.029177e-01	5.000000e+00	0.000000e+00	2.479450e+00	1.025373e+02
157	0.156000	7.800000e-01	0.000000e+00	5.053971e-01	5.000000e+00	0.000000e+00	2.469640e+00	1.025375e+02
158	0.157000	7.850000e-01	0.000000e+00	5.078667e-01	5.000000e+00	0.000000e+00	2.459830e+00	1.025378e+02
159	0.158000	7.900000e-01	0.000000e+00	5.103266e-01	5.000000e+00	0.000000e+00	2.450020e+00	1.025380e+02
160	0.159000	7.950000e-01	0.000000e+00	5.127766e-01	5.000000e+00	0.000000e+00	2.440210e+00	1.025383e+02
161	0.160000	8.000000e-01	0.000000e+00	5.152168e-01	5.000000e+00	0.000000e+00	2.430400e+00	1.025385e+02
162	0.161000	8.050000e-01	0.000000e+00	5.176472e-01	5.000000e+00	0.000000e+00	2.420590e+00	1.025387e+02
163	0.162000	8.100000e-01	0.000000e+00	5.200678e-01	5.000000e+00	0.000000e+00	2.410780e+00	1.025390e+02
164	0.163000	8.150000e-01	0.000000e+00	5.224786e-01	5.000000e+00	0.000000e+00	2.400970e+00	1.025392e+02
165	0.164000	8.200000e-01	0.000000e+00	5.248795e-01	5.000000e+00	0.000000e+00	2.391160e+00	1.025395e+02
166	0.165000	8.250000e-01	0.000000e+00	5.272707e-01	5.000000e+00	0.000000e+00	2.381350e+00	1.025397e+02
167	0.166000	8.300000e-01	0.000000e+00	5.296521e-01	5.000000e+00	0.000000e+00	2.371540e+00	1.025399e+02
168	0.167000	8.350000e-01	0.000000e+00	5.320236e-01	5.000000e+00	0.000000e+00	2.361730e+00	1.025402e+02
169	0.168000	8.400000e-01	0.000000e+00	5.343853e-01	5.000000e+00	0.000000e+00	2.351920e+00	1.025404e+02
170	0.169000	8.450000e-01	0.000000e+00	5.367372e-01	5.000000e+00	0.000000e+00	2.342110e+00	1.025407e+02
171	0.170000	8.500000e-01	0.000000e+00	5.390794e-01	5.000000e+00	0.000000e+00	2.332300e+00	1.025409e+02
172	0.171000	8.550000e-01	0.000000e+00	5.414117e-01	5.000000e+00	0.000000e+00	2.322490e+00	1.025411e+02
173	0.172000	8.600000e-01	0.000000e+00	5.437341e-01	5.000000e+00	0.000000e+00	2.312680e+00	1.025414e+02
174	0.173000	8.650000e-01	0.000000e+00	5.460468e-01	5.000000e+00	0.000000e+00	2.302870e+00	1.025416e+02
175	0.174000	8.700000e-01	0.000000e+00	5.483497e-01	5.000000e+00	0.000000e+00	2.293060e+00	1.025419e+02
176	0.175000	8.750000e-01	0.000000e+00	5.506428e-01	5.000000e+00	0.000000e+00	2.283250e+00	1.025421e+02
177	0.176000	8.800000e-01	0.000000e+00	5.529260e-01	5.000000e+00	0.000000e+00	2.273440e+00	1.025423e+02
178	0.177000	8.850000e-01	0.000000e+00	5.551994e-01	5.000000e+00	0.000000e+00	2.263630e+00	1.025426e+02
179	0.178000	8.900000e-01	0.000000e+00	5.574631e-01	5.000000e+00	0.000000e+00	2.253820e+00	1.025428e+02
180	0.179000	8.950000e-01	0.000000e+00	5.597169e-01	5.000000e+00	0.000000e+00	2.244010e+00	1.025431e+02
181	0.180000	9.000000e-01	0.000000e+00	5.619609e-01	5.000000e+00	0.000000e+00	2.234200e+00	1.025433e+02
182	0.181000	9.050000e-01	0.000000e+00	5.641951e-01	5.000000e+00	0.000000e+00	2.224390e+00	1.025435e+02
183	0.182000	9.100000e-01	0.000000e+00	5.664195e-01	5.000000e+00	0.000000e+00	2.214580e+00	1.025438e+02
184	0.183000	9.150000e-01	0.000000e+00	5.686341e-01	5.000000e+00	0.000000e+00	2.204770e+00	1.025440e+02
185	0.184000	9.200000e-01	0.000000e+00	5.708388e-01	5.000000e+00	0.000000e+00	2.194960e+00	1.025443e+02
186	0.185000	9.250000e-01	0.000000e+00	5.730338e-01	5.000000e+00	0.000000e+00	2.185150e+00	1.025445e+02
187	0.186000	9.300000e-01	0.000000e+00	5.752190e-01	5.000000e+00	0.000000e+00	2.175340e+00	1.025447e+02
188	0.187000	9.350000e-01	0.000000e+00	5.773943e-01	5.000000e+00	0.000000e+00	2.165530e+00	1.025450e+02
189	0.188000	9.400000e-01	0.000000e+00	5.795598e-01	5.000000e+00	0.000000e+00	2.155720e+00	1.025452e+02
190	0.189000	9.450000e-01	0.000000e+00	5.817155e-01	5.000000e+00	0.000000e+00	2.145910e+00	1.025455e+02
191	0.190000	9.500000e-01	0.000000e+00	5.838615e-01	5.000000e+00	0.000000e+00	2.136100e+00	1.025457e+02
192	0.191000	9.550000e-01	0.000000e+00	5.859976e-01	5.000000e+00	0.000000e+00	2.126290e+00	1.025460e+02
193	0.192000	9.600000e-01	0.000000e+00	5.881238e-01	5.000000e+00	0.000000e+00	2.116480e+00	1.025462e+02
194	0.193000	9.650000e-01	0.000000e+00	5.902403e-01	5.000000e+00	0.000000e+00	2.106670e+00	1.025464e+02
195	0.194000	9.700000e-01	0.000000e+00	5.923470e-01	5.000000e+00	0.000000e+00	2.096860e+00	1.025467e+02
196	0.195000	9.750000e-01	0.000000e+00	5.944439e-01	5.000000e+00	0.000000e+00	2.087050e+00	1.025469e+02
197	0.196000	9.800000e-01	0.000000e+00	5.965309e-01	5.000000e+00	0.000000e+00	2.077240e+00	1.025472e+02
198	0.197000	9.850000e-01	0.000000e+00	5.986081e-01	5.000000e+00	0.000000e+00	2.067430e+00	1.025474e+02
199	0.198000	9.900000e-01	0.000000e+00	6.006756e-01	5.000000e+00	0.000000e+00	2.057620e+00	1.025476e+02
200	0.199000	9.950000e-01	0.000000e+00	6.027332e-01	5.000000e+00	0.000000e+00	2.047810e+00	1.025479e+02
201	0.200000	1.000000e+00	0.000000e+00	6.047810e-01	5.000000e+00	0.000000e+00	2.038000e+00	1.025481e+02
202	0.201000	1.005000e+00	0.000000e+00	6.068190e-01	5.000000e+00	0.000000e+00	2.028190e+00	1.025484e+02
203	0.202000	1.010000e+00	0.000000e+00	6.088472e-01	5.000000e+00	0.000000e+00	2.018380e+00	1.025486e+02
204	0.203000	1.015000e+00	0.000000e+00	6.108656e-01	5.000000e+00	0.000000e+00	2.008570e+00	1.025488e+02
205	0.204000	1.020000e+00	0.000000e+00	6.128741e-01	5.000000e+00	0.000000e+00	1.998760e+00	1.025491e+02
206	0.205000	1.025000e+00	0.000000e+00	6.148729e-01	5.000000e+00	0.000000e+00	1.988950e+00	1.025493e+02
207	0.206000	1.030000e+00	0.000000e+00	6.168619e-01	5.000000e+00	0.000000e+00	1.979140e+00	1.025496e+02
208	0.207000	1.035000e+00	0.000000e+00	6.188410e-01	5.000000e+00	0.000000e+00	1.969330e+00	1.025498e+02
209	0.208000	1.040000e+00	0.000000e+00	6.208103e-01	5.000000e+00	0.000000e+00	1.959520e+00	1.025500e+02
210	0.209000	1.045000e+00	0.000000e+00	6.227698e-01	5.000000e+00	0.000000e+00	1.949710e+00	1.025503e+02
211	0.210000	1.050000e+00	0.000000e+00	6.247196e-01	5.000000e+00	0.000000e+00	1.939900e+00	1.025505e+02
212	0.211000	1.055000e+00	0.000000e+00	6.266595e-01	5.000000e+00	0.000000e+00	1.930090e+00	1.025508e+02
213	0.212000	1.060000e+00	0.000000e+00	6.285895e-01	5.000000e+00	0.000000e+00	1.920280e+00	1.025510e+02
214	0.213000	1.065000e+00	0.000000e+00	6.305098e-01	5.000000e+00	0.000000e+00	1.910470e+00	1.025512e+02
215	0.214000	1.070000e+00	0.000000e+00	6.324203e-01	5.000000e+00	0.000000e+00	1.900660e+00	1.025515e+02
216	0.215000	1.075000e+00	0.000000e+00	6.343210e-01	5.000000e+00	0.000000e+00	1.890850e+00	1.025517e+02
217	0.216000	1.080000e+00	0.000000e+00	6.362118e-01	5.000000e+00	0.000000e+00	1.881040e+00	1.025520e+02
218	0.217000	1.085000e+00	0.000000e+00	6.380928e-01	5.000000e+00	0.000000e+00	1.871230e+00	1.025522e+02
219	0.218000	1.090000e+00	0.000000e+00	6.399641e-01	5.000000e+00	0.000000e+00	1.861420e+00	1.025524e+02
220	0.219000	1.095000e+00	0.000000e+00	6.418255e-01	5.000000e+00	0.000000e+00	1.851610e+00	1.025527e+02
221	0.220000	1.100000e+00	0.000000e+00	6.436771e-01	5.000000e+00	0.000000e+00	1.841800e+00	1.025529e+02
222	0.221000	1.105000e+00	0.000000e+00	6.455189e-01	5.000000e+00	0.000000e+00	1.831990e+00	1.025532e+02
223	0.222000	1.110000e+00	0.000000e+00	6.473509e-01	5.000000e+00	0.000000e+00	1.822180e+00	1.025534e+02
224	0.223000	1.115000e+00	0.000000e+00	6.491731e-01	5.000000e+00	0.000000e+00	1.812370e+00	1.025537e+02
225	0.224000	1.120000e+00	0.000000e+00	6.509854e-01	5.000000e+00	0.000000e+00	1.802560e+00	1.025539e+02
226	0.225000	1.125000e+00	0.000000e+00	6.527880e-01	5.000000e+00	0.000000e+00	1.792750e+00	1.025541e+02
227	0.226000	1.130000e+00	0.000000e+00	6.545808e-01	5.000000e+00	0.000000e+00	1.782940e+00	1.025544e+02
228	0.227000	1.135000e+00	0.000000e+00	6.563637e-01	5.000000e+00	0.000000e+00	1.773130e+00	1.025546e+02
229	0.228000	1.140000e+00	0.000000e+00	6.581368e-01	5.000000e+00	0.000000e+00	1.763320e+00	1.025549e+02
230	0.229000	1.145000e+00	0.000000e+00	6.599001e-01	5.000000e+00	0.000000e+00	1.753510e+00	1.025551e+02
231	0.230000	1.150000e+00	0.000000e+00	6.616537e-01	5.000000e+00	0.000000e+00	1.743700e+00	1.025553e+02
232	0.231000	1.155000e+00	0.000000e+00	6.633974e-01	5.000000e+00	0.000000e+00	1.733890e+00	1.025556e+02
233	0.232000	1.160000e+00	0.000000e+00	6.651312e-01	5.000000e+00	0.000000e+00	1.724080e+00	1.025558e+02
234	0.233000	1.165000e+00	0.000000e+00	6.668553e-01	5.000000e+00	0.000000e+00	1.714270e+00	1.025561e+02
235	0.234000	1.170000e+00	0.000000e+00	6.685696e-01	5.000000e+00	0.000000e+00	1.704460e+00	1.025563e+02
236	0.235000	1.175000e+00	0.000000e+00	6.702741e-01	5.000000e+00	0.000000e+00	1.694650e+00	1.025565e+02
237	0.236000	1.180000e+00	0.000000e+00	6.719687e-01	5.000000e+00	0.000000e+00	1.684840e+00	1.025568e+02
238	0.237000	1.185000e+00	0.000000e+00	6.736535e-01	5.000000e+00	0.000000e+00	1.675030e+00	1.025570e+02
239	0.238000	1.190000e+00	0.000000e+00	6.753286e-01	5.000000e+00	0.000000e+00	1.665220e+00	1.025573e+02
240	0.239000	1.195000e+00	0.000000e+00	6.769938e-01	5.000000e+00	0.000000e+00	1.655410e+00	1.025575e+02
241	0.240000	1.200000e+00	0.000000e+00	6.786492e-01	5.000000e+00	0.000000e+00	1.645600e+00	1.025577e+02
242	0.241000	1.205000e+00	0.000000e+00	6.802948e-01	5.000000e+00	0.000000e+00	1.635790e+00	1.025580e+02
243	0.242000	1.210000e+00	0.000000e+00	6.819306e-01	5.000000e+00	0.000000e+00	1.625980e+00	1.025582e+02
244	0.243000	1.215000e+00	0.000000e+00	6.835566e-01	5.000000e+00	0.000000e+00	1.616170e+00	1.025585e+02
245	0.244000	1.220000e+00	0.000000e+00	6.851727e-01	5.000000e+00	0.000000e+00	1.606360e+00	1.025587e+02
246	0.245000	1.225000e+00	0.000000e+00	6.867791e-01	5.000000e+00	0.000000e+00	1.596550e+00	1.025589e+02
247	0.246000	1.230000e+00	0.000000e+00	6.883757e-01	5.000000e+00	0.000000e+00	1.586740e+00	1.025592e+02
248	0.247000	1.235000e+00	0.000000e+00	6.899624e-01	5.000000e+00	0.000000e+00	1.576930e+00	1.025594e+02
249	0.248000	1.240000e+00	0.000000e+00	6.915393e-01	5.000000e+00	0.000000e+00	1.567120e+00	1.025597e+02
250	0.249000	1.245000e+00	0.000000e+00	6.931064e-01	5.000000e+00	0.000000e+00	1.557310e+00	1.025599e+02
251	0.250000	1.250000e+00	0.000000e+00	6.946638e-01	5.000000e+00	0.000000e+00	1.547500e+00	1.025601e+02
252	0.251000	1.255000e+00	0.000000e+00	6.962113e-01	5.000000e+00	0.000000e+00	1.537690e+00	1.025604e+02
253	0.252000	1.260000e+00	0.000000e+00	6.977489e-01	5.000000e+00	0.000000e+00	1.527880e+00	1.025606e+02
254	0.253000	1.265000e+00	0.000000e+00	6.992768e-01	5.000000e+00	0.000000e+00	1.518070e+00	1.025609e+02
255	0.254000	1.270000e+00	0.000000e+00	7.007949e-01	5.000000e+00	0.000000e+00	1.508260e+00	1.025611e+02
256	0.255000	1.275000e+00	0.000000e+00	7.023032e-01	5.000000e+00	0.000000e+00	1.498450e+00	1.025614e+02
257	0.256000	1.280000e+00	0.000000e+00	7.038016e-01	5.000000e+00	0.000000e+00	1.488640e+00	1.025616e+02
258	0.257000	1.285000e+00	0.000000e+00	7.052902e-01	5.000000e+00	0.000000e+00	1.478830e+00	1.025618e+02
259	0.258000	1.290000e+00	0.000000e+00	7.067691e-01	5.000000e+00	0.000000e+00	1.469020e+00	1.025621e+02
260	0.259000	1.295000e+00	0.000000e+00	7.082381e-01	5.000000e+00	0.000000e+00	1.459210e+00	1.025623e+02
261	0.260000	1.300000e+00	0.000000e+00	7.096973e-01	5.000000e+00	0.000000e+00	1.449400e+00	1.025626e+02
262	0.261000	1.305000e+00	0.000000e+00	7.111467e-01	5.000000e+00	0.000000e+00	1.439590e+00	1.025628e+02
263	0.262000	1.310000e+00	0.000000e+00	7.125863e-01	5.000000e+00	0.000000e+00	1.429780e+00	1.025630e+02
264	0.263000	1.315000e+00	0.000000e+00	7.140161e-01	5.000000e+00	0.000000e+00	1.419970e+00	1.025633e+02
265	0.264000	1.320000e+00	0.000000e+00	7.154360e-01	5.000000e+00	0.000000e+00	1.410160e+00	1.025635e+02
266	0.265000	1.325000e+00	0.000000e+00	7.168462e-01	5.000000e+00	0.000000e+00	1.400350e+00	1.025638e+02
267	0.266000	1.330000e+00	0.000000e+00	7.182466e-01	5.000000e+00	0.000000e+00	1.390540e+00	1.025640e+02
268	0.267000	1.335000e+00	0.000000e+00	7.196371e-01	5.000000e+00	0.000000e+00	1.380730e+00	1.025642e+02
269	0.268000	1.340000e+00	0.000000e+00	7.210178e-01	5.000000e+00	0.000000e+00	1.370920e+00	1.025645e+02
270	0.269000	1.345000e+00	0.000000e+00	7.223887e-01	5.000000e+00	0.000000e+00	1.361110e+00	1.025647e+02
271	0.270000	1.350000e+00	0.000000e+00	7.237499e-01	5.000000e+00	0.000000e+00	1.351300e+00	1.025650e+02
272	0.271000	1.355000e+00	0.000000e+00	7.251012e-01	5.000000e+00	0.000000e+00	1.341490e+00	1.025652e+02
273	0.272000	1.360000e+00	0.000000e+00	7.264426e-01	5.000000e+00	0.000000e+00	1.331680e+00	1.025654e+02
274	0.273000	1.365000e+00	0.000000e+00	7.277743e-01	5.000000e+00	0.000000e+00	1.321870e+00	1.025657e+02
275	0.274000	1.370000e+00	0.000000e+00	7.290962e-01	5.000000e+00	0.000000e+00	1.312060e+00	1.025659e+02
276	0.275000	1.375000e+00	0.000000e+00	7.304083e-01	5.000000e+00	0.000000e+00	1.302250e+00	1.025662e+02
277	0.276000	1.380000e+00	0.000000e+00	7.317105e-01	5.000000e+00	0.000000e+00	1.292440e+00	1.025664e+02
278	0.277000	1.385000e+00	0.000000e+00	7.330029e-01	5.000000e+00	0.000000e+00	1.282630e+00	1.025666e+02
279	0.278000	1.390000e+00	0.000000e+00	7.342856e-01	5.000000e+00	0.000000e+00	1.272820e+00	1.025669e+02
280	0.279000	1.395000e+00	0.000000e+00	7.355584e-01	5.000000e+00	0.000000e+00	1.263010e+00	1.025671e+02
281	0.280000	1.400000e+00	0.000000e+00	7.368214e-01	5.000000e+00	0.000000e+00	1.253200e+00	1.025674e+02
282	0.281000	1.405000e+00	0.000000e+00	7.380746e-01	5.000000e+00	0.000000e+00	1.243390e+00	1.025676e+02
283	0.282000	1.410000e+00	0.000000e+00	7.393180e-01	5.000000e+00	0.000000e+00	1.233580e+00	1.025678e+02
284	0.283000	1.415000e+00	0.000000e+00	7.405516e-01	5.000000e+00	0.000000e+00	1.223770e+00	1.025681e+02
285	0.284000	1.420000e+00	0.000000e+00	7.417753e-01	5.000000e+00	0.000000e+00	1.213960e+00	1.025683e+02
286	0.285000	1.425000e+00	0.000000e+00	7.429893e-01	5.000000e+00	0.000000e+00	1.204150e+00	1.025686e+02
287	0.286000	1.430000e+00	0.000000e+00	7.441935e-01	5.000000e+00	0.000000e+00	1.194340e+00	1.025688e+02
288	0.287000	1.435000e+00	0.000000e+00	7.453878e-01	5.000000e+00	0.000000e+00	1.184530e+00	1.025690e+02
289	0.288000	1.440000e+00	0.000000e+00	7.465723e-01	5.000000e+00	0.000000e+00	1.174720e+00	1.025693e+02
290	0.289000	1.445000e+00	0.000000e+00	7.477470e-01	5.000000e+00	0.000000e+00	1.164910e+00	1.025695e+02
291	0.290000	1.450000e+00	0.000000e+00	7.489120e-01	5.000000e+00	0.000000e+00	1.155100e+00	1.025698e+02
292	0.291000	1.455000e+00	0.000000e+00	7.500671e-01	5.000000e+00	0.000000e+00	1.145290e+00	1.025700e+02
293	0.292000	1.460000e+00	0.000000e+00	7.512123e-01	5.000000e+00	0.000000e+00	1.135480e+00	1.025703e+02
294	0.293000	1.465000e+00	0.000000e+00	7.523478e-01	5.000000e+00	0.000000e+00	1.125670e+00	1.025705e+02
295	0.294000	1.470000e+00	0.000000e+00	7.534735e-01	5.000000e+00	0.000000e+00	1.115860e+00	1.025707e+02
296	0.295000	1.475000e+00	0.000000e+00	7.545894e-01	5.000000e+00	0.000000e+00	1.106050e+00	1.025710e+02
297	0.296000	1.480000e+00	0.000000e+00	7.556954e-01	5.000000e+00	0.000000e+00	1.096240e+00	1.025712e+02
298	0.297000	1.485000e+00	0.000000e+00	7.567916e-01	5.000000e+00	0.000000e+00	1.086430e+00	1.025715e+02
299	0.298000	1.490000e+00	0.000000e+00	7.578781e-01	5.000000e+00	0.000000e+00	1.076620e+00	1.025717e+02
300	0.299000	1.495000e+00	0.000000e+00	7.589547e-01	5.000000e+00	0.000000e+00	1.066810e+00	1.025719e+02
301	0.300000	1.500000e+00	0.000000e+00	7.600215e-01	5.000000e+00	0.000000e+00	1.057000e+00	1.025722e+02
302	0.301000	1.505000e+00	0.000000e+00	7.610785e-01	5.000000e+00	0.000000e+00	1.047190e+00	1.025724e+02
303	0.302000	1.510000e+00	0.000000e+00	7.621257e-01	5.000000e+00	0.000000e+00	1.037380e+00	1.025727e+02
304	0.303000	1.515000e+00	0.000000e+00	7.631631e-01	5.000000e+00	0.000000e+00	1.027570e+00	1.025729e+02
305	0.304000	1.520000e+00	0.000000e+00	7.641906e-01	5.000000e+00	0.000000e+00	1.017760e+00	1.025731e+02
306	0.305000	1.525000e+00	0.000000e+00	7.652084e-01	5.000000e+00	0.000000e+00	1.007950e+00	1.025734e+02
307	0.306000	1.530000e+00	0.000000e+00	7.662164e-01	5.000000e+00	0.000000e+00	9.981400e-01	1.025736e+02
308	0.307000	1.535000e+00	0.000000e+00	7.672145e-01	5.000000e+00	0.000000e+00	9.883300e-01	1.025739e+02
309	0.308000	1.540000e+00	0.000000e+00	7.682028e-01	5.000000e+00	0.000000e+00	9.785200e-01	1.025741e+02
310	0.309000	1.545000e+00	0.000000e+00	7.691813e-01	5.000000e+00	0.000000e+00	9.687100e-01	1.025743e+02
311	0.310000	1.550000e+00	0.000000e+00	7.701501e-01	5.000000e+00	0.000000e+00	9.589000e-01	1.025746e+02
312	0.311000	1.555000e+00	0.000000e+00	7.711090e-01	5.000000e+00	0.000000e+00	9.490900e-01	1.025748e+02
313	0.312000	1.560000e+00	0.000000e+00	7.720580e-01	5.000000e+00	0.000000e+00	9.392800e-01	1.025751e+02
314	0.313000	1.565000e+00	0.000000e+00	7.729973e-01	5.000000e+00	0.000000e+00	9.294700e-01	1.025753e+02
315	0.314000	1.570000e+00	0.000000e+00	7.739268e-01	5.000000e+00	0.000000e+00	9.196600e-01	1.025755e+02
316	0.315000	1.575000e+00	0.000000e+00	7.748465e-01	5.000000e+00	0.000000e+00	9.098500e-01	1.025758e+02
317	0.316000	1.580000e+00	0.000000e+00	7.757563e-01	5.000000e+00	0.000000e+00	9.000400e-01	1.025760e+02
318	0.317000	1.585000e+00	0.000000e+00	7.766563e-01	5.000000e+00	0.000000e+00	8.902300e-01	1.025763e+02
319	0.318000	1.590000e+00	0.000000e+00	7.775466e-01	5.000000e+00	0.000000e+00	8.804200e-01	1.025765e+02
320	0.319000	1.595000e+00	0.000000e+00	7.784270e-01	5.000000e+00	0.000000e+00	8.706100e-01	1.025767e+02
321	0.320000	1.600000e+00	0.000000e+00	7.792976e-01	5.000000e+00	0.000000e+00	8.608000e-01	1.025770e+02
322	0.321000	1.605000e+00	0.000000e+00	7.801584e-01	5.000000e+00	0.000000e+00	8.509900e-01	1.025772e+02
323	0.322000	1.610000e+00	0.000000e+00	7.810094e-01	5.000000e+00	0.000000e+00	8.411800e-01	1.025775e+02
324	0.323000	1.615000e+00	0.000000e+00	7.818506e-01	5.000000e+00	0.000000e+00	8.313700e-01	1.025777e+02
325	0.324000	1.620000e+00	0.000000e+00	7.826819e-01	5.000000e+00	0.000000e+00	8.215600e-01	1.025780e+02
326	0.325000	1.625000e+00	0.000000e+00	7.835035e-01	5.000000e+00	0.000000e+00	8.117500e-01	1.025782e+02
327	0.326000	1.630000e+00	0.000000e+00	7.843153e-01	5.000000e+00	0.000000e+00	8.019400e-01	1.025784e+02
328	0.327000	1.635000e+00	0.000000e+00	7.851172e-01	5.000000e+00	0.000000e+00	7.921300e-01	1.025787e+02
329	0.328000	1.640000e+00	0.000000e+00	7.859093e-01	5.000000e+00	0.000000e+00	7.823200e-01	1.025789e+02
330	0.329000	1.645000e+00	0.000000e+00	7.866916e-01	5.000000e+00	0.000000e+00	7.725100e-01	1.025792e+02
331	0.330000	1.650000e+00	0.000000e+00	7.874642e-01	5.000000e+00	0.000000e+00	7.627000e-01	1.025794e+02
332	0.331000	1.655000e+00	0.000000e+00	7.882269e-01	5.000000e+00	0.000000e+00	7.528900e-01	1.025796e+02
333	0.332000	1.660000e+00	0.000000e+00	7.889797e-01	5.000000e+00	0.000000e+00	7.430800e-01	1.025799e+02
334	0.333000	1.665000e+00	0.000000e+00	7.897228e-01	5.000000e+00	0.000000e+00	7.332700e-01	1.025801e+02
335	0.334000	1.670000e+00	0.000000e+00	7.904561e-01	5.000000e+00	0.000000e+00	7.234600e-01	1.025804e+02
336	0.335000	1.675000e+00	0.000000e+00	7.911796e-01	5.000000e+00	0.000000e+00	7.136500e-01	1.025806e+02
337	0.336000	1.680000e+00	0.000000e+00	7.918932e-01	5.000000e+00	0.000000e+00	7.038400e-01	1.025808e+02
338	0.337000	1.685000e+00	0.000000e+00	7.925970e-01	5.000000e+00	0.000000e+00	6.940300e-01	1.025811e+02
339	0.338000	1.690000e+00	0.000000e+00	7.932911e-01	5.000000e+00	0.000000e+00	6.842200e-01	1.025813e+02
340	0.339000	1.695000e+00	0.000000e+00	7.939753e-01	5.000000e+00	0.000000e+00	6.744100e-01	1.025816e+02
341	0.340000	1.700000e+00	0.000000e+00	7.946497e-01	5.000000e+00	0.000000e+00	6.646000e-01	1.025818e+02
342	0.341000	1.705000e+00	0.000000e+00	7.953143e-01	5.000000e+00	0.000000e+00	6.547900e-01	1.025820e+02
343	0.342000	1.710000e+00	0.000000e+00	7.959691e-01	5.000000e+00	0.000000e+00	6.449800e-01	1.025823e+02
344	0.343000	1.715000e+00	0.000000e+00	7.966141e-01	5.000000e+00	0.000000e+00	6.351700e-01	1.025825e+02
345	0.344000	1.720000e+00	0.000000e+00	7.972492e-01	5.000000e+00	0.000000e+00	6.253600e-01	1.025828e+02
346	0.345000	1.725000e+00	0.000000e+00	7.978746e-01	5.000000e+00	0.000000e+00	6.155500e-01	1.025830e+02
347	0.346000	1.730000e+00	0.000000e+00	7.984902e-01	5.000000e+00	0.000000e+00	6.057400e-01	1.025832e+02
348	0.347000	1.735000e+00	0.000000e+00	7.990959e-01	5.000000e+00	0.000000e+00	5.959300e-01	1.025835e+02
349	0.348000	1.740000e+00	0.000000e+00	7.996918e-01	5.000000e+00	0.000000e+00	5.861200e-01	1.025837e+02
350	0.349000	1.745000e+00	0.000000e+00	8.002779e-01	5.000000e+00	0.000000e+00	5.763100e-01	1.025840e+02
351	0.350000	1.750000e+00	0.000000e+00	8.008543e-01	5.000000e+00	0.000000e+00	5.665000e-01	1.025842e+02
352	0.351000	1.755000e+00	0.000000e+00	8.014208e-01	5.000000e+00	0.000000e+00	5.566900e-01	1.025844e+02
353	0.352000	1.760000e+00	0.000000e+00	8.019774e-01	5.000000e+00	0.000000e+00	5.468800e-01	1.025847e+02
354	0.353000	1.765000e+00	0.000000e+00	8.025243e-01	5.000000e+00	0.000000e+00	5.370700e-01	1.025849e+02
355	0.354000	1.770000e+00	0.000000e+00	8.030614e-01	5.000000e+00	0.000000e+00	5.272600e-01	1.025852e+02
356	0.355000	1.775000e+00	0.000000e+00	8.035887e-01	5.000000e+00	0.000000e+00	5.174500e-01	1.025854e+02
357	0.356000	1.780000e+00	0.000000e+00	8.041061e-01	5.000000e+00	0.000000e+00	5.076400e-01	1.025857e+02
358	0.357000	1.785000e+00	0.000000e+00	8.046137e-01	5.000000e+00	0.000000e+00	4.978300e-01	1.025859e+02
359	0.358000	1.790000e+00	0.000000e+00	8.051116e-01	5.000000e+00	0.000000e+00	4.880200e-01	1.025861e+02
360	0.359000	1.795000e+00	0.000000e+00	8.055996e-01	5.000000e+00	0.000000e+00	4.782100e-01	1.025864e+02
361	0.360000	1.800000e+00	0.000000e+00	8.060778e-01	5.000000e+00	0.000000e+00	4.684000e-01	1.025866e+02
362	0.361000	1.805000e+00	0.000000e+00	8.065462e-01	5.000000e+00	0.000000e+00	4.585900e-01	1.025869e+02
363	0.362000	1.810000e+00	0.000000e+00	8.070048e-01	5.000000e+00	0.000000e+00	4.487800e-01	1.025871e+02
364	0.363000	1.815000e+00	0.000000e+00	8.074536e-01	5.000000e+00	0.000000e+00	4.389700e-01	1.025873e+02
365	0.364000	1.820000e+00	0.000000e+00	8.078925e-01	5.000000e+00	0.000000e+00	4.291600e-01	1.025876e+02
366	0.365000	1.825000e+00	0.000000e+00	8.083217e-01	5.000000e+00	0.000000e+00	4.193500e-01	1.025878e+02
367	0.366000	1.830000e+00	0.000000e+00	8.087411e-01	5.000000e+00	0.000000e+00	4.095400e-01	1.025881e+02
368	0.367000	1.835000e+00	0.000000e+00	8.091506e-01	5.000000e+00	0.000000e+00	3.997300e-01	1.025883e+02
369	0.368000	1.840000e+00	0.000000e+00	8.095503e-01	5.000000e+00	0.000000e+00	3.899200e-01	1.025885e+02
370	0.369000	1.845000e+00	0.000000e+00	8.099402e-01	5.000000e+00	0.000000e+00	3.801100e-01	1.025888e+02
371	0.370000	1.850000e+00	0.000000e+00	8.103204e-01	5.000000e+00	0.000000e+00	3.703000e-01	1.025890e+02
372	0.371000	1.855000e+00	0.000000e+00	8.106907e-01	5.000000e+00	0.000000e+00	3.604900e-01	1.025893e+02
373	0.372000	1.860000e+00	0.000000e+00	8.110511e-01	5.000000e+00	0.000000e+00	3.506800e-01	1.025895e+02
374	0.373000	1.865000e+00	0.000000e+00	8.114018e-01	5.000000e+00	0.000000e+00	3.408700e-01	1.025897e+02
375	0.374000	1.870000e+00	0.000000e+00	8.117427e-01	5.000000e+00	0.000000e+00	3.310600e-01	1.025900e+02
376	0.375000	1.875000e+00	0.000000e+00	8.120738e-01	5.000000e+00	0.000000e+00	3.212500e-01	1.025902e+02
377	0.376000	1.880000e+00	0.000000e+00	8.123950e-01	5.000000e+00	0.000000e+00	3.114400e-01	1.025905e+02
378	0.377000	1.885000e+00	0.000000e+00	8.127064e-01	5.000000e+00	0.000000e+00	3.016300e-01	1.025907e+02
379	0.378000	1.890000e+00	0.000000e+00	8.130081e-01	5.000000e+00	0.000000e+00	2.918200e-01	1.025909e+02
380	0.379000	1.895000e+00	0.000000e+00	8.132999e-01	5.000000e+00	0.000000e+00	2.820100e-01	1.025912e+02
381	0.380000	1.900000e+00	0.000000e+00	8.135819e-01	5.000000e+00	0.000000e+00	2.722000e-01	1.025914e+02
382	0.381000	1.905000e+00	0.000000e+00	8.138541e-01	5.000000e+00	0.000000e+00	2.623900e-01	1.025917e+02
383	0.382000	1.910000e+00	0.000000e+00	8.141165e-01	5.000000e+00	0.000000e+00	2.525800e-01	1.025919e+02
384	0.383000	1.915000e+00	0.000000e+00	8.143691e-01	5.000000e+00	0.000000e+00	2.427700e-01	1.025921e+02
385	0.384000	1.920000e+00	0.000000e+00	8.146118e-01	5.000000e+00	0.000000e+00	2.329600e-01	1.025924e+02
386	0.385000	1.925000e+00	0.000000e+00	8.148448e-01	5.000000e+00	0.000000e+00	2.231500e-01	1.025926e+02
387	0.386000	1.930000e+00	0.000000e+00	8.150680e-01	5.000000e+00	0.000000e+00	2.133400e-01	1.025929e+02
388	0.387000	1.935000e+00	0.000000e+00	8.152813e-01	5.000000e+00	0.000000e+00	2.035300e-01	1.025931e+02
389	0.388000	1.940000e+00	0.000000e+00	8.154848e-01	5.000000e+00	0.000000e+00	1.937200e-01	1.025933e+02
390	0.389000	1.945000e+00	0.000000e+00	8.156785e-01	5.000000e+00	0.000000e+00	1.839100e-01	1.025936e+02
391	0.390000	1.950000e+00	0.000000e+00	8.158625e-01	5.000000e+00	0.000000e+00	1.741000e-01	1.025938e+02
392	0.391000	1.955000e+00	0.000000e+00	8.160366e-01	5.000000e+00	0.000000e+00	1.642900e-01	1.025941e+02
393	0.392000	1.960000e+00	0.000000e+00	8.162008e-01	5.000000e+00	0.000000e+00	1.544800e-01	1.025943e+02
394	0.393000	1.965000e+00	0.000000e+00	8.163553e-01	5.000000e+00	0.000000e+00	1.446700e-01	1.025946e+02
395	0.394000	1.970000e+00	0.000000e+00	8.165000e-01	5.000000e+00	0.000000e+00	1.348600e-01	1.025948e+02
396	0.395000	1.975000e+00	0.000000e+00	8.166349e-01	5.000000e+00	0.000000e+00	1.250500e-01	1.025950e+02
397	0.396000	1.980000e+00	0.000000e+00	8.167599e-01	5.000000e+00	0.000000e+00	1.152400e-01	1.025953e+02
398	0.397000	1.985000e+00	0.000000e+00	8.168751e-01	5.000000e+00	0.000000e+00	1.054300e-01	1.025955e+02
399	0.398000	1.990000e+00	0.000000e+00	8.169806e-01	5.000000e+00	0.000000e+00	9.562000e-02	1.025958e+02
400	0.399000	1.995000e+00	0.000000e+00	8.170762e-01	5.000000e+00	0.000000e+00	8.581000e-02	1.025960e+02
401	0.400000	2.000000e+00	0.000000e+00	8.171620e-01	5.000000e+00	0.000000e+00	7.600000e-02	1.025962e+02
402	0.401000	2.005000e+00	0.000000e+00	8.172380e-01	5.000000e+00	0.000000e+00	6.619000e-02	1.025965e+02
403	0.402000	2.010000e+00	0.000000e+00	8.173042e-01	5.000000e+00	0.000000e+00	5.638000e-02	1.025967e+02
404	0.403000	2.015000e+00	0.000000e+00	8.173606e-01	5.000000e+00	0.000000e+00	4.657000e-02	1.025970e+02
405	0.404000	2.020000e+00	0.000000e+00	8.174071e-01	5.000000e+00	0.000000e+00	3.676000e-02	1.025972e+02
406	0.405000	2.025000e+00	0.000000e+00	8.174439e-01	5.000000e+00	0.000000e+00	2.695000e-02	1.025974e+02
407	0.406000	2.030000e+00	0.000000e+00	8.174709e-01	5.000000e+00	0.000000e+00	1.714000e-02	1.025977e+02
408	0.407000	2.035000e+00	0.000000e+00	8.174880e-01	5.000000e+00	0.000000e+00	7.330000e-03	1.025979e+02
409	0.408000	2.040000e+00	0.000000e+00	8.174953e-01	5.000000e+00	0.000000e+00	-2.480000e-03	1.025982e+02
410	0.409000	2.045000e+00	0.000000e+00	8.174928e-01	5.000000e+00	0.000000e+00	-1.229000e-02	1.025984e+02
411	0.410000	2.050000e+00	0.000000e+00	8.174806e-01	5.000000e+00	0.000000e+00	-2.210000e-02	1.025986e+02
412	0.411000	2.055000e+00	0.000000e+00	8.174585e-01	5.000000e+00	0.000000e+00	-3.191000e-02	1.025989e+02
413	0.412000	2.060000e+00	0.000000e+00	8.174265e-01	5.000000e+00	0.000000e+00	-4.172000e-02	1.025991e+02
414	0.413000	2.065000e+00	0.000000e+00	8.173848e-01	5.000000e+00	0.000000e+00	-5.153000e-02	1.025994e+02
415	0.414000	2.070000e+00	0.000000e+00	8.173333e-01	5.000000e+00	0.000000e+00	-6.134000e-02	1.025996e+02
416	0.415000	2.075000e+00	0.000000e+00	8.172720e-01	5.000000e+00	0.000000e+00	-7.115000e-02	1.025998e+02
417	0.416000	2.080000e+00	0.000000e+00	8.172008e-01	5.000000e+00	0.000000e+00	-8.096000e-02	1.026001e+02
418	0.417000	2.085000e+00	0.000000e+00	8.171198e-01	5.000000e+00	0.000000e+00	-9.077000e-02	1.026003e+02
419	0.418000	2.090000e+00	0.000000e+00	8.170291e-01	5.000000e+00	0.000000e+00	-1.005800e-01	1.026006e+02
420	0.419000	2.095000e+00	0.000000e+00	8.169285e-01	5.000000e+00	0.000000e+00	-1.103900e-01	1.026008e+02
421	0.420000	2.100000e+00	0.000000e+00	8.168181e-01	5.000000e+00	0.000000e+00	-1.202000e-01	1.026010e+02
422	0.421000	2.105000e+00	0.000000e+00	8.166979e-01	5.000000e+00	0.000000e+00	-1.300100e-01	1.026013e+02
423	0.422000	2.110000e+00	0.000000e+00	8.165679e-01	5.000000e+00	0.000000e+00	-1.398200e-01	1.026015e+02
424	0.423000	2.115000e+00	0.000000e+00	8.164281e-01	5.000000e+00	0.000000e+00	-1.496300e-01	1.026018e+02
425	0.424000	2.120000e+00	0.000000e+00	8.162784e-01	5.000000e+00	0.000000e+00	-1.594400e-01	1.026020e+02
426	0.425000	2.125000e+00	0.000000e+00	8.161190e-01	5.000000e+00	0.000000e+00	-1.692500e-01	1.026023e+02
427	0.426000	2.130000e+00	0.000000e+00	8.159498e-01	5.000000e+00	0.000000e+00	-1.790600e-01	1.026025e+02
428	0.427000	2.135000e+00	0.000000e+00	8.157707e-01	5.000000e+00	0.000000e+00	-1.888700e-01	1.026027e+02
429	0.428000	2.140000e+00	0.000000e+00	8.155818e-01	5.000000e+00	0.000000e+00	-1.986800e-01	1.026030e+02
430	0.429000	2.145000e+00	0.000000e+00	8.153831e-01	5.000000e+00	0.000000e+00	-2.084900e-01	1.026032e+02
431	0.430000	2.150000e+00	0.000000e+00	8.151747e-01	5.000000e+00	0.000000e+00	-2.183000e-01	1.026035e+02
432	0.431000	2.155000e+00	0.000000e+00	8.149564e-01	5.000000e+00	0.000000e+00	-2.281100e-01	1.026037e+02
433	0.432000	2.160000e+00	0.000000e+00	8.147282e-01	5.000000e+00	0.000000e+00	-2.379200e-01	1.026039e+02
434	0.433000	2.165000e+00	0.000000e+00	8.144903e-01	5.000000e+00	0.000000e+00	-2.477300e-01	1.026042e+02
435	0.434000	2.170000e+00	0.000000e+00	8.142426e-01	5.000000e+00	0.000000e+00	-2.575400e-01	1.026044e+02
436	0.435000	2.175000e+00	0.000000e+00	8.139851e-01	5.000000e+00	0.000000e+00	-2.673500e-01	1.026047e+02
437	0.436000	2.180000e+00	0.000000e+00	8.137177e-01	5.000000e+00	0.000000e+00	-2.771600e-01	1.026049e+02
438	0.437000	2.185000e+00	0.000000e+00	8.134405e-01	5.000000e+00	0.000000e+00	-2.869700e-01	1.026051e+02
439	0.438000	2.190000e+00	0.000000e+00	8.131536e-01	5.000000e+00	0.000000e+00	-2.967800e-01	1.026054e+02
440	0.439000	2.195000e+00	0.000000e+00	8.128568e-01	5.000000e+00	0.000000e+00	-3.065900e-01	1.026056e+02
441	0.440000	2.200000e+00	0.000000e+00	8.125502e-01	5.000000e+00	0.000000e+00	-3.164000e-01	1.026059e+02
442	0.441000	2.205000e+00	0.000000e+00	8.122338e-01	5.000000e+00	0.000000e+00	-3.262100e-01	1.026061e+02
443	0.442000	2.210000e+00	0.000000e+00	8.119076e-01	5.000000e+00	0.000000e+00	-3.360200e-01	1.026063e+02
444	0.443000	2.215000e+00	0.000000e+00	8.115716e-01	5.000000e+00	0.000000e+00	-3.458300e-01	1.026066e+02
445	0.444000	2.220000e+00	0.000000e+00	8.112257e-01	5.000000e+00	0.000000e+00	-3.556400e-01	1.026068e+02
446	0.445000	2.225000e+00	0.000000e+00	8.108701e-01	5.000000e+00	0.000000e+00	-3.654500e-01	1.026071e+02
447	0.446000	2.230000e+00	0.000000e+00	8.105047e-01	5.000000e+00	0.000000e+00	-3.752600e-01	1.026073e+02
448	0.447000	2.235000e+00	0.000000e+00	8.101294e-01	5.000000e+00	0.000000e+00	-3.850700e-01	1.026075e+02
449	0.448000	2.240000e+00	0.000000e+00	8.097443e-01	5.000000e+00	0.000000e+00	-3.948800e-01	1.026078e+02
450	0.449000	2.245000e+00	0.000000e+00	8.093494e-01	5.000000e+00	0.000000e+00	-4.046900e-01	1.026080e+02
451	0.450000	2.250000e+00	0.000000e+00	8.089448e-01	5.000000e+00	0.000000e+00	-4.145000e-01	1.026083e+02
452	0.451000	2.255000e+00	0.000000e+00	8.085303e-01	5.000000e+00	0.000000e+00	-4.243100e-01	1.026085e+02
453	0.452000	2.260000e+00	0.000000e+00	8.081059e-01	5.000000e+00	0.000000e+00	-4.341200e-01	1.026087e+02
454	0.453000	2.265000e+00	0.000000e+00	8.076718e-01	5.000000e+00	0.000000e+00	-4.439300e-01	1.026090e+02
455	0.454000	2.270000e+00	0.000000e+00	8.072279e-01	5.000000e+00	0.000000e+00	-4.537400e-01	1.026092e+02
456	0.455000	2.275000e+00	0.000000e+00	8.067742e-01	5.000000e+00	0.000000e+00	-4.635500e-01	1.026095e+02
457	0.456000	2.280000e+00	0.000000e+00	8.063106e-01	5.000000e+00	0.000000e+00	-4.733600e-01	1.026097e+02
458	0.457000	2.285000e+00	0.000000e+00	8.058372e-01	5.000000e+00	0.000000e+00	-4.831700e-01	1.026099e+02
459	0.458000	2.290000e+00	0.000000e+00	8.053541e-01	5.000000e+00	0.000000e+00	-4.929800e-01	1.026102e+02
460	0.459000	2.295000e+00	0.000000e+00	8.048611e-01	5.000000e+00	0.000000e+00	-5.027900e-01	1.026104e+02
461	0.460000	2.300000e+00	0.000000e+00	8.043583e-01	5.000000e+00	0.000000e+00	-5.126000e-01	1.026107e+02
462	0.461000	2.305000e+00	0.000000e+00	8.038457e-01	5.000000e+00	0.000000e+00	-5.224100e-01	1.026109e+02
463	0.462000	2.310000e+00	0.000000e+00	8.033233e-01	5.000000e+00	0.000000e+00	-5.322200e-01	1.026112e+02
464	0.463000	2.315000e+00	0.000000e+00	8.027911e-01	5.000000e+00	0.000000e+00	-5.420300e-01	1.026114e+02
465	0.464000	2.320000e+00	0.000000e+00	8.022490e-01	5.000000e+00	0.000000e+00	-5.518400e-01	1.026116e+02
466	0.465000	2.325000e+00	0.000000e+00	8.016972e-01	5.000000e+00	0.000000e+00	-5.616500e-01	1.026119e+02
467	0.466000	2.330000e+00	0.000000e+00	8.011356e-01	5.000000e+00	0.000000e+00	-5.714600e-01	1.026121e+02
468	0.467000	2.335000e+00	0.000000e+00	8.005641e-01	5.000000e+00	0.000000e+00	-5.812700e-01	1.026124e+02
469	0.468000	2.340000e+00	0.000000e+00	7.999828e-01	5.000000e+00	0.000000e+00	-5.910800e-01	1.026126e+02
470	0.469000	2.345000e+00	0.000000e+00	7.993917e-01	5.000000e+00	0.000000e+00	-6.008900e-01	1.026128e+02
471	0.470000	2.350000e+00	0.000000e+00	7.987909e-01	5.000000e+00	0.000000e+00	-6.107000e-01	1.026131e+02
472	0.471000	2.355000e+00	0.000000e+00	7.981802e-01	5.000000e+00	0.000000e+00	-6.205100e-01	1.026133e+02
473	0.472000	2.360000e+00	0.000000e+00	7.975596e-01	5.000000e+00	0.000000e+00	-6.303200e-01	1.026136e+02
474	0.473000	2.365000e+00	0.000000e+00	7.969293e-01	5.000000e+00	0.000000e+00	-6.401300e-01	1.026138e+02
475	0.474000	2.370000e+00	0.000000e+00	7.962892e-01	5.000000e+00	0.000000e+00	-6.499400e-01	1.026140e+02
476	0.475000	2.375000e+00	0.000000e+00	7.956393e-01	5.000000e+00	0.000000e+00	-6.597500e-01	1.026143e+02
477	0.476000	2.380000e+00	0.000000e+00	7.949795e-01	5.000000e+00	0.000000e+00	-6.695600e-01	1.026145e+02
478	0.477000	2.385000e+00	0.000000e+00	7.943099e-01	5.000000e+00	0.000000e+00	-6.793700e-01	1.026148e+02
479	0.478000	2.390000e+00	0.000000e+00	7.936306e-01	5.000000e+00	0.000000e+00	-6.891800e-01	1.026150e+02
480	0.479000	2.395000e+00	0.000000e+00	7.929414e-01	5.000000e+00	0.000000e+00	-6.989900e-01	1.026152e+02
481	0.480000	2.400000e+00	0.000000e+00	7.922424e-01	5.000000e+00	0.000000e+00	-7.088000e-01	1.026155e+02
482	0.481000	2.405000e+00	0.000000e+00	7.915336e-01	5.000000e+00	0.000000e+00	-7.186100e-01	1.026157e+02
483	0.482000	2.410000e+00	0.000000e+00	7.908150e-01	5.000000e+00	0.000000e+00	-7.284200e-01	1.026160e+02
484	0.483000	2.415000e+00	0.000000e+00	7.900866e-01	5.000000e+00	0.000000e+00	-7.382300e-01	1.026162e+02
485	0.484000	2.420000e+00	0.000000e+00	7.893483e-01	5.000000e+00	0.000000e+00	-7.480400e-01	1.026164e+02
486	0.485000	2.425000e+00	0.000000e+00	7.886003e-01	5.000000e+00	0.000000e+00	-7.578500e-01	1.026167e+02
487	0.486000	2.430000e+00	0.000000e+00	7.878425e-01	5.000000e+00	0.000000e+00	-7.676600e-01	1.026169e+02
488	0.487000	2.435000e+00	0.000000e+00	7.870748e-01	5.000000e+00	0.000000e+00	-7.774700e-01	1.026172e+02
489	0.488000	2.440000e+00	0.000000e+00	7.862973e-01	5.000000e+00	0.000000e+00	-7.872800e-01	1.026174e+02
490	0.489000	2.445000e+00	0.000000e+00	7.855100e-01	5.000000e+00	0.000000e+00	-7.970900e-01	1.026176e+02
491	0.490000	2.450000e+00	0.000000e+00	7.847130e-01	5.000000e+00	0.000000e+00	-8.069000e-01	1.026179e+02
492	0.491000	2.455000e+00	0.000000e+00	7.839061e-01	5.000000e+00	0.000000e+00	-8.167100e-01	1.026181e+02
493	0.492000	2.460000e+00	0.000000e+00	7.830893e-01	5.000000e+00	0.000000e+00	-8.265200e-01	1.026184e+02
494	0.493000	2.465000e+00	0.000000e+00	7.822628e-01	5.000000e+00	0.000000e+00	-8.363300e-01	1.026186e+02
495	0.494000	2.470000e+00	0.000000e+00	7.814265e-01	5.000000e+00	0.000000e+00	-8.461400e-01	1.026189e+02
496	0.495000	2.475000e+00	0.000000e+00	7.805804e-01	5.000000e+00	0.000000e+00	-8.559500e-01	1.026191e+02
497	0.496000	2.480000e+00	0.000000e+00	7.797244e-01	5.000000e+00	0.000000e+00	-8.657600e-01	1.026193e+02
498	0.497000	2.485000e+00	0.000000e+00	7.788586e-01	5.000000e+00	0.000000e+00	-8.755700e-01	1.026196e+02
499	0.498000	2.490000e+00	0.000000e+00	7.779831e-01	5.000000e+00	0.000000e+00	-8.853800e-01	1.026198e+02
500	0.499000	2.495000e+00	0.000000e+00	7.770977e-01	5.000000e+00	0.000000e+00	-8.951900e-01	1.026201e+02
501	0.500000	2.500000e+00	0.000000e+00	7.762025e-01	5.000000e+00	0.000000e+00	-9.050000e-01	1.026203e+02
502	0.501000	2.505000e+00	0.000000e+00	7.752975e-01	5.000000e+00	0.000000e+00	-9.148100e-01	1.026205e+02
503	0.502000	2.510000e+00	0.000000e+00	7.743827e-01	5.000000e+00	0.000000e+00	-9.246200e-01	1.026208e+02
504	0.503000	2.515000e+00	0.000000e+00	7.734581e-01	5.000000e+00	0.000000e+00	-9.344300e-01	1.026210e+02
505	0.504000	2.520000e+00	0.000000e+00	7.725236e-01	5.000000e+00	0.000000e+00	-9.442400e-01	1.026213e+02
506	0.505000	2.525000e+00	0.000000e+00	7.715794e-01	5.000000e+00	0.000000e+00	-9.540500e-01	1.026215e+02
507	0.506000	2.530000e+00	0.000000e+00	7.706254e-01	5.000000e+00	0.000000e+00	-9.638600e-01	1.026217e+02
508	0.507000	2.535000e+00	0.000000e+00	7.696615e-01	5.000000e+00	0.000000e+00	-9.736700e-01	1.026220e+02
509	0.508000	2.540000e+00	0.000000e+00	7.686878e-01	5.000000e+00	0.000000e+00	-9.834800e-01	1.026222e+02
510	0.509000	2.545000e+00	0.000000e+00	7.677043e-01	5.000000e+00	0.000000e+00	-9.932900e-01	1.026225e+02
511	0.510000	2.550000e+00	0.000000e+00	7.667111e-01	5.000000e+00	0.000000e+00	-1.003100e+00	1.026227e+02
512	0.511000	2.555000e+00	0.000000e+00	7.657080e-01	5.000000e+00	0.000000e+00	-1.012910e+00	1.026229e+02
513	0.512000	2.560000e+00	0.000000e+00	7.646950e-01	5.000000e+00	0.000000e+00	-1.022720e+00	1.026232e+02
514	0.513000	2.565000e+00	0.000000e+00	7.636723e-01	5.000000e+00	0.000000e+00	-1.032530e+00	1.026234e+02
515	0.514000	2.570000e+00	0.000000e+00	7.626398e-01	5.000000e+00	0.000000e+00	-1.042340e+00	1.026237e+02
516	0.515000	2.575000e+00	0.000000e+00	7.615975e-01	5.000000e+00	0.000000e+00	-1.052150e+00	1.026239e+02
517	0.516000	2.580000e+00	0.000000e+00	7.605453e-01	5.000000e+00	0.000000e+00	-1.061960e+00	1.026241e+02
518	0.517000	2.585000e+00	0.000000e+00	7.594833e-01	5.000000e+00	0.000000e+00	-1.071770e+00	1.026244e+02
519	0.518000	2.590000e+00	0.000000e+00	7.584116e-01	5.000000e+00	0.000000e+00	-1.081580e+00	1.026246e+02
520	0.519000	2.595000e+00	0.000000e+00	7.573300e-01	5.000000e+00	0.000000e+00	-1.091390e+00	1.026249e+02
521	0.520000	2.600000e+00	0.000000e+00	7.562386e-01	5.000000e+00	0.000000e+00	-1.101200e+00	1.026251e+02
522	0.521000	2.605000e+00	0.000000e+00	7.551374e-01	5.000000e+00	0.000000e+00	-1.111010e+00	1.026253e+02
523	0.522000	2.610000e+00	0.000000e+00	7.540264e-01	5.000000e+00	0.000000e+00	-1.120820e+00	1.026256e+02
524	0.523000	2.615000e+00	0.000000e+00	7.529056e-01	5.000000e+00	0.000000e+00	-1.130630e+00	1.026258e+02
525	0.524000	2.620000e+00	0.000000e+00	7.517749e-01	5.000000e+00	0.000000e+00	-1.140440e+00	1.026261e+02
526	0.525000	2.625000e+00	0.000000e+00	7.506345e-01	5.000000e+00	0.000000e+00	-1.150250e+00	1.026263e+02
527	0.526000	2.630000e+00	0.000000e+00	7.494843e-01	5.000000e+00	0.000000e+00	-1.160060e+00	1.026266e+02
528	0.527000	2.635000e+00	0.000000e+00	7.483242e-01	5.000000e+00	0.000000e+00	-1.169870e+00	1.026268e+02
529	0.528000	2.640000e+00	0.000000e+00	7.471543e-01	5.000000e+00	0.000000e+00	-1.179680e+00	1.026270e+02
530	0.529000	2.645000e+00	0.000000e+00	7.459746e-01	5.000000e+00	0.000000e+00	-1.189490e+00	1.026273e+02
531	0.530000	2.650000e+00	0.000000e+00	7.447852e-01	5.000000e+00	0.000000e+00	-1.199300e+00	1.026275e+02
532	0.531000	2.655000e+00	0.000000e+00	7.435859e-01	5.000000e+00	0.000000e+00	-1.209110e+00	1.026278e+02
533	0.532000	2.660000e+00	0.000000e+00	7.423767e-01	5.000000e+00	0.000000e+00	-1.218920e+00	1.026280e+02
534	0.533000	2.665000e+00	0.000000e+00	7.411578e-01	5.000000e+00	0.000000e+00	-1.228730e+00	1.026282e+02
535	0.534000	2.670000e+00	0.000000e+00	7.399291e-01	5.000000e+00	0.000000e+00	-1.238540e+00	1.026285e+02
536	0.535000	2.675000e+00	0.000000e+00	7.386906e-01	5.000000e+00	0.000000e+00	-1.248350e+00	1.026287e+02
537	0.536000	2.680000e+00	0.000000e+00	7.374422e-01	5.000000e+00	0.000000e+00	-1.258160e+00	1.026290e+02
538	0.537000	2.685000e+00	0.000000e+00	7.361840e-01	5.000000e+00	0.000000e+00	-1.267970e+00	1.026292e+02
539	0.538000	2.690000e+00	0.000000e+00	7.349161e-01	5.000000e+00	0.000000e+00	-1.277780e+00	1.026294e+02
540	0.539000	2.695000e+00	0.000000e+00	7.336383e-01	5.000000e+00	0.000000e+00	-1.287590e+00	1.026297e+02
541	0.540000	2.700000e+00	0.000000e+00	7.323507e-01	5.000000e+00	0.000000e+00	-1.297400e+00	1.026299e+02
542	0.541000	2.705000e+00	0.000000e+00	7.310533e-01	5.000000e+00	0.000000e+00	-1.307210e+00	1.026302e+02
543	0.542000	2.710000e+00	0.000000e+00	7.297461e-01	5.000000e+00	0.000000e+00	-1.317020e+00	1.026304e+02
544	0.543000	2.715000e+00	0.000000e+00	7.284291e-01	5.000000e+00	0.000000e+00	-1.326830e+00	1.026306e+02
545	0.544000	2.720000e+00	0.000000e+00	7.271022e-01	5.000000e+00	0.000000e+00	-1.336640e+00	1.026309e+02
546	0.545000	2.725000e+00	0.000000e+00	7.257656e-01	5.000000e+00	0.000000e+00	-1.346450e+00	1.026311e+02
547	0.546000	2.730000e+00	0.000000e+00	7.244192e-01	5.000000e+00	0.000000e+00	-1.356260e+00	1.026314e+02
548	0.547000	2.735000e+00	0.000000e+00	7.230629e-01	5.000000e+00	0.000000e+00	-1.366070e+00	1.026316e+02
549	0.548000	2.740000e+00	0.000000e+00	7.216968e-01	5.000000e+00	0.000000e+00	-1.375880e+00	1.026318e+02
550	0.549000	2.745000e+00	0.000000e+00	7.203209e-01	5.000000e+00	0.000000e+00	-1.385690e+00	1.026321e+02
551	0.550000	2.750000e+00	0.000000e+00	7.189353e-01	5.000000e+00	0.000000e+00	-1.395500e+00	1.026323e+02
552	0.551000	2.755000e+00	0.000000e+00	7.175398e-01	5.000000e+00	0.000000e+00	-1.405310e+00	1.026326e+02
553	0.552000	2.760000e+00	0.000000e+00	7.161344e-01	5.000000e+00	0.000000e+00	-1.415120e+00	1.026328e+02
554	0.553000	2.765000e+00	0.000000e+00	7.147193e-01	5.000000e+00	0.000000e+00	-1.424930e+00	1.026330e+02
555	0.554000	2.770000e+00	0.000000e+00	7.132944e-01	5.000000e+00	0.000000e+00	-1.434740e+00	1.026333e+02
556	0.555000	2.775000e+00	0.000000e+00	7.118597e-01	5.000000e+00	0.000000e+00	-1.444550e+00	1.026335e+02
557	0.556000	2.780000e+00	0.000000e+00	7.104151e-01	5.000000e+00	0.000000e+00	-1.454360e+00	1.026338e+02
558	0.557000	2.785000e+00	0.000000e+00	7.089607e-01	5.000000e+00	0.000000e+00	-1.464170e+00	1.026340e+02
559	0.558000	2.790000e+00	0.000000e+00	7.074966e-01	5.000000e+00	0.000000e+00	-1.473980e+00	1.026342e+02
560	0.559000	2.795000e+00	0.000000e+00	7.060226e-01	5.000000e+00	0.000000e+00	-1.483790e+00	1.026345e+02
561	0.560000	2.800000e+00	0.000000e+00	7.045388e-01	5.000000e+00	0.000000e+00	-1.493600e+00	1.026347e+02
562	0.561000	2.805000e+00	0.000000e+00	7.030452e-01	5.000000e+00	0.000000e+00	-1.503410e+00	1.026350e+02
563	0.562000	2.810000e+00	0.000000e+00	7.015418e-01	5.000000e+00	0.000000e+00	-1.513220e+00	1.026352e+02
564	0.563000	2.815000e+00	0.000000e+00	7.000286e-01	5.000000e+00	0.000000e+00	-1.523030e+00	1.026355e+02
565	0.564000	2.820000e+00	0.000000e+00	6.985055e-01	5.000000e+00	0.000000e+00	-1.532840e+00	1.026357e+02
566	0.565000	2.825000e+00	0.000000e+00	6.969727e-01	5.000000e+00	0.000000e+00	-1.542650e+00	1.026359e+02
567	0.566000	2.830000e+00	0.000000e+00	6.954301e-01	5.000000e+00	0.000000e+00	-1.552460e+00	1.026362e+02
568	0.567000	2.835000e+00	0.000000e+00	6.938776e-01	5.000000e+00	0.000000e+00	-1.562270e+00	1.026364e+02
569	0.568000	2.840000e+00	0.000000e+00	6.923153e-01	5.000000e+00	0.000000e+00	-1.572080e+00	1.026367e+02
570	0.569000	2.845000e+00	0.000000e+00	6.907432e-01	5.000000e+00	0.000000e+00	-1.581890e+00	1.026369e+02
571	0.570000	2.850000e+00	0.000000e+00	6.891614e-01	5.000000e+00	0.000000e+00	-1.591700e+00	1.026371e+02
572	0.571000	2.855000e+00	0.000000e+00	6.875697e-01	5.000000e+00	0.000000e+00	-1.601510e+00	1.026374e+02
573	0.572000	2.860000e+00	0.000000e+00	6.859681e-01	5.000000e+00	0.000000e+00	-1.611320e+00	1.026376e+02
574	0.573000	2.865000e+00	0.000000e+00	6.843568e-01	5.000000e+00	0.000000e+00	-1.621130e+00	1.026379e+02
575	0.574000	2.870000e+00	0.000000e+00	6.827357e-01	5.000000e+00	0.000000e+00	-1.630940e+00	1.026381e+02
576	0.575000	2.875000e+00	0.000000e+00	6.811048e-01	5.000000e+00	0.000000e+00	-1.640750e+00	1.026383e+02
577	0.576000	2.880000e+00	0.000000e+00	6.794640e-01	5.000000e+00	0.000000e+00	-1.650560e+00	1.026386e+02
578	0.577000	2.885000e+00	0.000000e+00	6.778134e-01	5.000000e+00	0.000000e+00	-1.660370e+00	1.026388e+02
579	0.578000	2.890000e+00	0.000000e+00	6.761531e-01	5.000000e+00	0.000000e+00	-1.670180e+00	1.026391e+02
580	0.579000	2.895000e+00	0.000000e+00	6.744829e-01	5.000000e+00	0.000000e+00	-1.679990e+00	1.026393e+02
581	0.580000	2.900000e+00	0.000000e+00	6.728029e-01	5.000000e+00	0.000000e+00	-1.689800e+00	1.026395e+02
582	0.581000	2.905000e+00	0.000000e+00	6.711131e-01	5.000000e+00	0.000000e+00	-1.699610e+00	1.026398e+02
583	0.582000	2.910000e+00	0.000000e+00	6.694135e-01	5.000000e+00	0.000000e+00	-1.709420e+00	1.026400e+02
584	0.583000	2.915000e+00	0.000000e+00	6.677041e-01	5.000000e+00	0.000000e+00	-1.719230e+00	1.026403e+02
585	0.584000	2.920000e+00	0.000000e+00	6.659848e-01	5.000000e+00	0.000000e+00	-1.729040e+00	1.026405e+02
586	0.585000	2.925000e+00	0.000000e+00	6.642558e-01	5.000000e+00	0.000000e+00	-1.738850e+00	1.026407e+02
587	0.586000	2.930000e+00	0.000000e+00	6.625170e-01	5.000000e+00	0.000000e+00	-1.748660e+00	1.026410e+02
588	0.587000	2.935000e+00	0.000000e+00	6.607683e-01	5.000000e+00	0.000000e+00	-1.758470e+00	1.026412e+02
589	0.588000	2.940000e+00	0.000000e+00	6.590098e-01	5.000000e+00	0.000000e+00	-1.768280e+00	1.026415e+02
590	0.589000	2.945000e+00	0.000000e+00	6.572415e-01	5.000000e+00	0.000000e+00	-1.778090e+00	1.026417e+02
591	0.590000	2.950000e+00	0.000000e+00	6.554635e-01	5.000000e+00	0.000000e+00	-1.787900e+00	1.026419e+02
592	0.591000	2.955000e+00	0.000000e+00	6.536756e-01	5.000000e+00	0.000000e+00	-1.797710e+00	1.026422e+02
593	0.592000	2.960000e+00	0.000000e+00	6.518778e-01	5.000000e+00	0.000000e+00	-1.807520e+00	1.026424e+02
594	0.593000	2.965000e+00	0.000000e+00	6.500703e-01	5.000000e+00	0.000000e+00	-1.817330e+00	1.026427e+02
595	0.594000	2.970000e+00	0.000000e+00	6.482530e-01	5.000000e+00	0.000000e+00	-1.827140e+00	1.026429e+02
596	0.595000	2.975000e+00	0.000000e+00	6.464259e-01	5.000000e+00	0.000000e+00	-1.836950e+00	1.026432e+02
597	0.596000	2.980000e+00	0.000000e+00	6.445889e-01	5.000000e+00	0.000000e+00	-1.846760e+00	1.026434e+02
598	0.597000	2.985000e+00	0.000000e+00	6.427421e-01	5.000000e+00	0.000000e+00	-1.856570e+00	1.026436e+02
599	0.598000	2.990000e+00	0.000000e+00	6.408856e-01	5.000000e+00	0.000000e+00	-1.866380e+00	1.026439e+02
600	0.599000	2.995000e+00	0.000000e+00	6.390192e-01	5.000000e+00	0.000000e+00	-1.876190e+00	1.026441e+02
601	0.600000	3.000000e+00	0.000000e+00	6.371430e-01	5.000000e+00	0.000000e+00	-1.886000e+00	1.026444e+02
602	0.601000	3.005000e+00	0.000000e+00	6.352570e-01	5.000000e+00	0.000000e+00	-1.895810e+00	1.026446e+02
603	0.602000	3.010000e+00	0.000000e+00	6.333612e-01	5.000000e+00	0.000000e+00	-1.905620e+00	1.026448e+02
604	0.603000	3.015000e+00	0.000000e+00	6.314556e-01	5.000000e+00	0.000000e+00	-1.915430e+00	1.026451e+02
605	0.604000	3.020000e+00	0.000000e+00	6.295401e-01	5.000000e+00	0.000000e+00	-1.925240e+00	1.026453e+02
606	0.605000	3.025000e+00	0.000000e+00	6.276149e-01	5.000000e+00	0.000000e+00	-1.935050e+00	1.026456e+02
607	0.606000	3.030000e+00	0.000000e+00	6.256799e-01	5.000000e+00	0.000000e+00	-1.944860e+00	1.026458e+02
608	0.607000	3.035000e+00	0.000000e+00	6.237350e-01	5.000000e+00	0.000000e+00	-1.954670e+00	1.026460e+02
609	0.608000	3.040000e+00	0.000000e+00	6.217803e-01	5.000000e+00	0.000000e+00	-1.964480e+00	1.026463e+02
610	0.609000	3.045000e+00	0.000000e+00	6.198158e-01	5.000000e+00	0.000000e+00	-1.974290e+00	1.026465e+02
611	0.610000	3.050000e+00	0.000000e+00	6.178416e-01	5.000000e+00	0.000000e+00	-1.984100e+00	1.026468e+02
612	0.611000	3.055000e+00	0.000000e+00	6.158575e-01	5.000000e+00	0.000000e+00	-1.993910e+00	1.026470e+02
613	0.612000	3.060000e+00	0.000000e+00	6.138635e-01	5.000000e+00	0.000000e+00	-2.003720e+00	1.026472e+02
614	0.613000	3.065000e+00	0.000000e+00	6.118598e-01	5.000000e+00	0.000000e+00	-2.013530e+00	1.026475e+02
615	0.614000	3.070000e+00	0.000000e+00	6.098463e-01	5.000000e+00	0.000000e+00	-2.023340e+00	1.026477e+02
616	0.615000	3.075000e+00	0.000000e+00	6.078230e-01	5.000000e+00	0.000000e+00	-2.033150e+00	1.026480e+02
617	0.616000	3.080000e+00	0.000000e+00	6.057898e-01	5.000000e+00	0.000000e+00	-2.042960e+00	1.026482e+02
618	0.617000	3.085000e+00	0.000000e+00	6.037468e-01	5.000000e+00	0.000000e+00	-2.052770e+00	1.026484e+02
619	0.618000	3.090000e+00	0.000000e+00	6.016941e-01	5.000000e+00	0.000000e+00	-2.062580e+00	1.026487e+02
620	0.619000	3.095000e+00	0.000000e+00	5.996315e-01	5.000000e+00	0.000000e+00	-2.072390e+00	1.026489e+02
621	0.620000	3.100000e+00	0.000000e+00	5.975591e-01	5.000000e+00	0.000000e+00	-2.082200e+00	1.026492e+02
622	0.621000	3.105000e+00	0.000000e+00	5.954769e-01	5.000000e+00	0.000000e+00	-2.092010e+00	1.026494e+02
623	0.622000	3.110000e+00	0.000000e+00	5.933849e-01	5.000000e+00	0.000000e+00	-2.101820e+00	1.026496e+02
624	0.623000	3.115000e+00	0.000000e+00	5.912831e-01	5.000000e+00	0.000000e+00	-2.111630e+00	1.026499e+02
625	0.624000	3.120000e+00	0.000000e+00	5.891714e-01	5.000000e+00	0.000000e+00	-2.121440e+00	1.026501e+02
626	0.625000	3.125000e+00	0.000000e+00	5.870500e-01	5.000000e+00	0.000000e+00	-2.131250e+00	1.026504e+02
627	0.626000	3.130000e+00	0.000000e+00	5.849188e-01	5.000000e+00	0.000000e+00	-2.141060e+00	1.026506e+02
628	0.627000	3.135000e+00	0.000000e+00	5.827777e-01	5.000000e+00	0.000000e+00	-2.150870e+00	1.026509e+02
629	0.628000	3.140000e+00	0.000000e+00	5.806268e-01	5.000000e+00	0.000000e+00	-2.160680e+00	1.026511e+02
630	0.629000	3.145000e+00	0.000000e+00	5.784661e-01	5.000000e+00	0.000000e+00	-2.170490e+00	1.026513e+02
631	0.630000	3.150000e+00	0.000000e+00	5.762957e-01	5.000000e+00	0.000000e+00	-2.180300e+00	1.026516e+02
632	0.631000	3.155000e+00	0.000000e+00	5.741154e-01	5.000000e+00	0.000000e+00	-2.190110e+00	1.026518e+02
633	0.632000	3.160000e+00	0.000000e+00	5.719252e-01	5.000000e+00	0.000000e+00	-2.199920e+00	1.026521e+02
634	0.633000	3.165000e+00	0.000000e+00	5.697253e-01	5.000000e+00	0.000000e+00	-2.209730e+00	1.026523e+02
635	0.634000	3.170000e+00	0.000000e+00	5.675156e-01	5.000000e+00	0.000000e+00	-2.219540e+00	1.026525e+02
636	0.635000	3.175000e+00	0.000000e+00	5.652961e-01	5.000000e+00	0.000000e+00	-2.229350e+00	1.026528e+02
637	0.636000	3.180000e+00	0.000000e+00	5.630667e-01	5.000000e+00	0.000000e+00	-2.239160e+00	1.026530e+02
638	0.637000	3.185000e+00	0.000000e+00	5.608275e-01	5.000000e+00	0.000000e+00	-2.248970e+00	1.026533e+02
639	0.638000	3.190000e+00	0.000000e+00	5.585786e-01	5.000000e+00	0.000000e+00	-2.258780e+00	1.026535e+02
640	0.639000	3.195000e+00	0.000000e+00	5.563198e-01	5.000000e+00	0.000000e+00	-2.268590e+00	1.026537e+02
641	0.640000	3.200000e+00	0.000000e+00	5.540512e-01	5.000000e+00	0.000000e+00	-2.278400e+00	1.026540e+02
642	0.641000	3.205000e+00	0.000000e+00	5.517728e-01	5.000000e+00	0.000000e+00	-2.288210e+00	1.026542e+02
643	0.642000	3.210000e+00	0.000000e+00	5.494846e-01	5.000000e+00	0.000000e+00	-2.298020e+00	1.026545e+02
644	0.643000	3.215000e+00	0.000000e+00	5.471866e-01	5.000000e+00	0.000000e+00	-2.307830e+00	1.026547e+02
645	0.644000	3.220000e+00	0.000000e+00	5.448787e-01	5.000000e+00	0.000000e+00	-2.317640e+00	1.026549e+02
646	0.645000	3.225000e+00	0.000000e+00	5.425611e-01	5.000000e+00	0.000000e+00	-2.327450e+00	1.026552e+02
647	0.646000	3.230000e+00	0.000000e+00	5.402337e-01	5.000000e+00	0.000000e+00	-2.337260e+00	1.026554e+02
648	0.647000	3.235000e+00	0.000000e+00	5.378964e-01	5.000000e+00	0.000000e+00	-2.347070e+00	1.026557e+02
649	0.648000	3.240000e+00	0.000000e+00	5.355493e-01	5.000000e+00	0.000000e+00	-2.356880e+00	1.026559e+02
650	0.649000	3.245000e+00	0.000000e+00	5.331924e-01	5.000000e+00	0.000000e+00	-2.366690e+00	1.026561e+02
651	0.650000	3.250000e+00	0.000000e+00	5.308258e-01	5.000000e+00	0.000000e+00	-2.376500e+00	1.026564e+02
652	0.651000	3.255000e+00	0.000000e+00	5.284493e-01	5.000000e+00	0.000000e+00	-2.386310e+00	1.026566e+02
653	0.652000	3.260000e+00	0.000000e+00	5.260629e-01	5.000000e+00	0.000000e+00	-2.396120e+00	1.026569e+02
654	0.653000	3.265000e+00	0.000000e+00	5.236668e-01	5.000000e+00	0.000000e+00	-2.405930e+00	1.026571e+02
655	0.654000	3.270000e+00	0.000000e+00	5.212609e-01	5.000000e+00	0.000000e+00	-2.415740e+00	1.026573e+02
656	0.655000	3.275000e+00	0.000000e+00	5.188452e-01	5.000000e+00	0.000000e+00	-2.425550e+00	1.026576e+02
657	0.656000	3.280000e+00	0.000000e+00	5.164196e-01	5.000000e+00	0.000000e+00	-2.435360e+00	1.026578e+02
658	0.657000	3.285000e+00	0.000000e+00	5.139842e-01	5.000000e+00	0.000000e+00	-2.445170e+00	1.026581e+02
659	0.658000	3.290000e+00	0.000000e+00	5.115391e-01	5.000000e+00	0.000000e+00	-2.454980e+00	1.026583e+02
660	0.659000	3.295000e+00	0.000000e+00	5.090841e-01	5.000000e+00	0.000000e+00	-2.464790e+00	1.026585e+02
661	0.660000	3.300000e+00	0.000000e+00	5.066193e-01	5.000000e+00	0.000000e+00	-2.474600e+00	1.026588e+02
662	0.661000	3.305000e+00	0.000000e+00	5.041447e-01	5.000000e+00	0.000000e+00	-2.484410e+00	1.026590e+02
663	0.662000	3.310000e+00	0.000000e+00	5.016603e-01	5.000000e+00	0.000000e+00	-2.494220e+00	1.026593e+02
664	0.663000	3.315000e+00	0.000000e+00	4.991661e-01	5.000000e+00	0.000000e+00	-2.504030e+00	1.026595e+02
665	0.664000	3.320000e+00	0.000000e+00	4.966620e-01	5.000000e+00	0.000000e+00	-2.513840e+00	1.026598e+02
666	0.665000	3.325000e+00	0.000000e+00	4.941482e-01	5.000000e+00	0.000000e+00	-2.523650e+00	1.026600e+02
667	0.666000	3.330000e+00	0.000000e+00	4.916246e-01	5.000000e+00	0.000000e+00	-2.533460e+00	1.026602e+02
668	0.667000	3.335000e+00	0.000000e+00	4.890911e-01	5.000000e+00	0.000000e+00	-2.543270e+00	1.026605e+02
669	0.668000	3.340000e+00	0.000000e+00	4.865478e-01	5.000000e+00	0.000000e+00	-2.553080e+00	1.026607e+02
670	0.669000	3.345000e+00	0.000000e+00	4.839947e-01	5.000000e+00	0.000000e+00	-2.562890e+00	1.026610e+02
671	0.670000	3.350000e+00	0.000000e+00	4.814319e-01	5.000000e+00	0.000000e+00	-2.572700e+00	1.026612e+02
672	0.671000	3.355000e+00	0.000000e+00	4.788592e-01	5.000000e+00	0.000000e+00	-2.582510e+00	1.026614e+02
673	0.672000	3.360000e+00	0.000000e+00	4.762766e-01	5.000000e+00	0.000000e+00	-2.592320e+00	1.026617e+02
674	0.673000	3.365000e+00	0.000000e+00	4.736843e-01	5.000000e+00	0.000000e+00	-2.602130e+00	1.026619e+02
675	0.674000	3.370000e+00	0.000000e+00	4.710822e-01	5.000000e+00	0.000000e+00	-2.611940e+00	1.026622e+02
676	0.675000	3.375000e+00	0.000000e+00	4.684703e-01	5.000000e+00	0.000000e+00	-2.621750e+00	1.026624e+02
677	0.676000	3.380000e+00	0.000000e+00	4.658485e-01	5.000000e+00	0.000000e+00	-2.631560e+00	1.026626e+02
678	0.677000	3.385000e+00	0.000000e+00	4.632169e-01	5.000000e+00	0.000000e+00	-2.641370e+00	1.026629e+02
679	0.678000	3.390000e+00	0.000000e+00	4.605756e-01	5.000000e+00	0.000000e+00	-2.651180e+00	1.026631e+02
680	0.679000	3.395000e+00	0.000000e+00	4.579244e-01	5.000000e+00	0.000000e+00	-2.660990e+00	1.026634e+02
681	0.680000	3.400000e+00	0.000000e+00	4.552634e-01	5.000000e+00	0.000000e+00	-2.670800e+00	1.026636e+02
682	0.681000	3.405000e+00	0.000000e+00	4.525926e-01	5.000000e+00	0.000000e+00	-2.680610e+00	1.026638e+02
683	0.682000	3.410000e+00	0.000000e+00	4.499120e-01	5.000000e+00	0.000000e+00	-2.690420e+00	1.026641e+02
684	0.683000	3.415000e+00	0.000000e+00	4.472216e-01	5.000000e+00	0.000000e+00	-2.700230e+00	1.026643e+02
685	0.684000	3.420000e+00	0.000000e+00	4.445213e-01	5.000000e+00	0.000000e+00	-2.710040e+00	1.026646e+02
686	0.685000	3.425000e+00	0.000000e+00	4.418113e-01	5.000000e+00	0.000000e+00	-2.719850e+00	1.026648e+02
687	0.686000	3.430000e+00	0.000000e+00	4.390915e-01	5.000000e+00	0.000000e+00	-2.729660e+00	1.026650e+02
688	0.687000	3.435000e+00	0.000000e+00	4.363618e-01	5.000000e+00	0.000000e+00	-2.739470e+00	1.026653e+02
689	0.688000	3.440000e+00	0.000000e+00	4.336223e-01	5.000000e+00	0.000000e+00	-2.749280e+00	1.026655e+02
690	0.689000	3.445000e+00	0.000000e+00	4.308730e-01	5.000000e+00	0.000000e+00	-2.759090e+00	1.026658e+02
691	0.690000	3.450000e+00	0.000000e+00	4.281140e-01	5.000000e+00	0.000000e+00	-2.768900e+00	1.026660e+02
692	0.691000	3.455000e+00	0.000000e+00	4.253451e-01	5.000000e+00	0.000000e+00	-2.778710e+00	1.026662e+02
693	0.692000	3.460000e+00	0.000000e+00	4.225663e-01	5.000000e+00	0.000000e+00	-2.788520e+00	1.026665e+02
694	0.693000	3.465000e+00	0.000000e+00	4.197778e-01	5.000000e+00	0.000000e+00	-2.798330e+00	1.026667e+02
695	0.694000	3.470000e+00	0.000000e+00	4.169795e-01	5.000000e+00	0.000000e+00	-2.808140e+00	1.026670e+02
696	0.695000	3.475000e+00	0.000000e+00	4.141714e-01	5.000000e+00	0.000000e+00	-2.817950e+00	1.026672e+02
697	0.696000	3.480000e+00	0.000000e+00	4.113534e-01	5.000000e+00	0.000000e+00	-2.827760e+00	1.026675e+02
698	0.697000	3.485000e+00	0.000000e+00	4.085256e-01	5.000000e+00	0.000000e+00	-2.837570e+00	1.026677e+02
699	0.698000	3.490000e+00	0.000000e+00	4.056881e-01	5.000000e+00	0.000000e+00	-2.847380e+00	1.026679e+02
700	0.699000	3.495000e+00	0.000000e+00	4.028407e-01	5.000000e+00	0.000000e+00	-2.857190e+00	1.026682e+02
701	0.700000	3.500000e+00	0.000000e+00	3.999835e-01	5.000000e+00	0.000000e+00	-2.867000e+00	1.026684e+02
702	0.701000	3.505000e+00	0.000000e+00	3.971165e-01	5.000000e+00	0.000000e+00	-2.876810e+00	1.026687e+02
703	0.702000	3.510000e+00	0.000000e+00	3.942397e-01	5.000000e+00	0.000000e+00	-2.886620e+00	1.026689e+02
704	0.703000	3.515000e+00	0.000000e+00	3.913531e-01	5.000000e+00	0.000000e+00	-2.896430e+00	1.026691e+02
705	0.704000	3.520000e+00	0.000000e+00	3.884566e-01	5.000000e+00	0.000000e+00	-2.906240e+00	1.026694e+02
706	0.705000	3.525000e+00	0.000000e+00	3.855504e-01	5.000000e+00	0.000000e+00	-2.916050e+00	1.026696e+02
707	0.706000	3.530000e+00	0.000000e+00	3.826344e-01	5.000000e+00	0.000000e+00	-2.925860e+00	1.026699e+02
708	0.707000	3.535000e+00	0.000000e+00	3.797085e-01	5.000000e+00	0.000000e+00	-2.935670e+00	1.026701e+02
709	0.708000	3.540000e+00	0.000000e+00	3.767728e-01	5.000000e+00	0.000000e+00	-2.945480e+00	1.026703e+02
710	0.709000	3.545000e+00	0.000000e+00	3.738273e-01	5.000000e+00	0.000000e+00	-2.955290e+00	1.026706e+02
711	0.710000	3.550000e+00	0.000000e+00	3.708721e-01	5.000000e+00	0.000000e+00	-2.965100e+00	1.026708e+02
712	0.711000	3.555000e+00	0.000000e+00	3.679070e-01	5.000000e+00	0.000000e+00	-2.974910e+00	1.026711e+02
713	0.712000	3.560000e+00	0.000000e+00	3.649320e-01	5.000000e+00	0.000000e+00	-2.984720e+00	1.026713e+02
714	0.713000	3.565000e+00	0.000000e+00	3.619473e-01	5.000000e+00	0.000000e+00	-2.994530e+00	1.026715e+02
715	0.714000	3.570000e+00	0.000000e+00	3.589528e-01	5.000000e+00	0.000000e+00	-3.004340e+00	1.026718e+02
716	0.715000	3.575000e+00	0.000000e+00	3.559485e-01	5.000000e+00	0.000000e+00	-3.014150e+00	1.026720e+02
717	0.716000	3.580000e+00	0.000000e+00	3.529343e-01	5.000000e+00	0.000000e+00	-3.023960e+00	1.026723e+02
718	0.717000	3.585000e+00	0.000000e+00	3.499103e-01	5.000000e+00	0.000000e+00	-3.033770e+00	1.026725e+02
719	0.718000	3.590000e+00	0.000000e+00	3.468766e-01	5.000000e+00	0.000000e+00	-3.043580e+00	1.026727e+02
720	0.719000	3.595000e+00	0.000000e+00	3.438330e-01	5.000000e+00	0.000000e+00	-3.053390e+00	1.026730e+02
721	0.720000	3.600000e+00	0.000000e+00	3.407796e-01	5.000000e+00	0.000000e+00	-3.063200e+00	1.026732e+02
722	0.721000	3.605000e+00	0.000000e+00	3.377164e-01	5.000000e+00	0.000000e+00	-3.073010e+00	1.026735e+02
723	0.722000	3.610000e+00	0.000000e+00	3.346434e-01	5.000000e+00	0.000000e+00	-3.082820e+00	1.026737e+02
724	0.723000	3.615000e+00	0.000000e+00	3.315606e-01	5.000000e+00	0.000000e+00	-3.092630e+00	1.026739e+02
725	0.724000	3.620000e+00	0.000000e+00	3.284679e-01	5.000000e+00	0.000000e+00	-3.102440e+00	1.026742e+02
726	0.725000	3.625000e+00	0.000000e+00	3.253655e-01	5.000000e+00	0.000000e+00	-3.112250e+00	1.026744e+02
727	0.726000	3.630000e+00	0.000000e+00	3.222533e-01	5.000000e+00	0.000000e+00	-3.122060e+00	1.026747e+02
728	0.727000	3.635000e+00	0.000000e+00	3.191312e-01	5.000000e+00	0.000000e+00	-3.131870e+00	1.026749e+02
729	0.728000	3.640000e+00	0.000000e+00	3.159993e-01	5.000000e+00	0.000000e+00	-3.141680e+00	1.026751e+02
730	0.729000	3.645000e+00	0.000000e+00	3.128576e-01	5.000000e+00	0.000000e+00	-3.151490e+00	1.026754e+02
731	0.730000	3.650000e+00	0.000000e+00	3.097062e-01	5.000000e+00	0.000000e+00	-3.161300e+00	1.026756e+02
732	0.731000	3.655000e+00	0.000000e+00	3.065449e-01	5.000000e+00	0.000000e+00	-3.171110e+00	1.026759e+02
733	0.732000	3.660000e+00	0.000000e+00	3.033737e-01	5.000000e+00	0.000000e+00	-3.180920e+00	1.026761e+02
734	0.733000	3.665000e+00	0.000000e+00	3.001928e-01	5.000000e+00	0.000000e+00	-3.190730e+00	1.026764e+02
735	0.734000	3.670000e+00	0.000000e+00	2.970021e-01	5.000000e+00	0.000000e+00	-3.200540e+00	1.026766e+02
736	0.735000	3.675000e+00	0.000000e+00	2.938016e-01	5.000000e+00	0.000000e+00	-3.210350e+00	1.026768e+02
737	0.736000	3.680000e+00	0.000000e+00	2.905912e-01	5.000000e+00	0.000000e+00	-3.220160e+00	1.026771e+02
738	0.737000	3.685000e+00	0.000000e+00	2.873710e-01	5.000000e+00	0.000000e+00	-3.229970e+00	1.026773e+02
739	0.738000	3.690000e+00	0.000000e+00	2.841411e-01	5.000000e+00	0.000000e+00	-3.239780e+00	1.026776e+02
740	0.739000	3.695000e+00	0.000000e+00	2.809013e-01	5.000000e+00	0.000000e+00	-3.249590e+00	1.026778e+02
741	0.740000	3.700000e+00	0.000000e+00	2.776517e-01	5.000000e+00	0.000000e+00	-3.259400e+00	1.026780e+02
742	0.741000	3.705000e+00	0.000000e+00	2.743923e-01	5.000000e+00	0.000000e+00	-3.269210e+00	1.026783e+02
743	0.742000	3.710000e+00	0.000000e+00	2.711231e-01	5.000000e+00	0.000000e+00	-3.279020e+00	1.026785e+02
744	0.743000	3.715000e+00	0.000000e+00	2.678441e-01	5.000000e+00	0.000000e+00	-3.288830e+00	1.026788e+02
745	0.744000	3.720000e+00	0.000000e+00	2.645552e-01	5.000000e+00	0.000000e+00	-3.298640e+00	1.026790e+02
746	0.745000	3.725000e+00	0.000000e+00	2.612566e-01	5.000000e+00	0.000000e+00	-3.308450e+00	1.026792e+02
747	0.746000	3.730000e+00	0.000000e+00	2.579482e-01	5.000000e+00	0.000000e+00	-3.318260e+00	1.026795e+02
748	0.747000	3.735000e+00	0.000000e+00	2.546299e-01	5.000000e+00	0.000000e+00	-3.328070e+00	1.026797e+02
749	0.748000	3.740000e+00	0.000000e+00	2.513018e-01	5.000000e+00	0.000000e+00	-3.337880e+00	1.026800e+02
750	0.749000	3.745000e+00	0.000000e+00	2.479639e-01	5.000000e+00	0.000000e+00	-3.347690e+00	1.026802e+02
751	0.750000	3.750000e+00	0.000000e+00	2.446163e-01	5.000000e+00	0.000000e+00	-3.357500e+00	1.026804e+02
752	0.751000	3.755000e+00	0.000000e+00	2.412588e-01	5.000000e+00	0.000000e+00	-3.367310e+00	1.026807e+02
753	0.752000	3.760000e+00	0.000000e+00	2.378914e-01	5.000000e+00	0.000000e+00	-3.377120e+00	1.026809e+02
754	0.753000	3.765000e+00	0.000000e+00	2.345143e-01	5.000000e+00	0.000000e+00	-3.386930e+00	1.026812e+02
755	0.754000	3.770000e+00	0.000000e+00	2.311274e-01	5.000000e+00	0.000000e+00	-3.396740e+00	1.026814e+02
756	0.755000	3.775000e+00	0.000000e+00	2.277307e-01	5.000000e+00	0.000000e+00	-3.406550e+00	1.026816e+02
757	0.756000	3.780000e+00	0.000000e+00	2.243241e-01	5.000000e+00	0.000000e+00	-3.416360e+00	1.026819e+02
758	0.757000	3.785000e+00	0.000000e+00	2.209077e-01	5.000000e+00	0.000000e+00	-3.426170e+00	1.026821e+02
759	0.758000	3.790000e+00	0.000000e+00	2.174816e-01	5.000000e+00	0.000000e+00	-3.435980e+00	1.026824e+02
760	0.759000	3.795000e+00	0.000000e+00	2.140456e-01	5.000000e+00	0.000000e+00	-3.445790e+00	1.026826e+02
761	0.760000	3.800000e+00	0.000000e+00	2.105998e-01	5.000000e+00	0.000000e+00	-3.455600e+00	1.026828e+02
762	0.761000	3.805000e+00	0.000000e+00	2.071442e-01	5.000000e+00	0.000000e+00	-3.465410e+00	1.026831e+02
763	0.762000	3.810000e+00	0.000000e+00	2.036788e-01	5.000000e+00	0.000000e+00	-3.475220e+00	1.026833e+02
764	0.763000	3.815000e+00	0.000000e+00	2.002036e-01	5.000000e+00	0.000000e+00	-3.485030e+00	1.026836e+02
765	0.764000	3.820000e+00	0.000000e+00	1.967185e-01	5.000000e+00	0.000000e+00	-3.494840e+00	1.026838e+02
766	0.765000	3.825000e+00	0.000000e+00	1.932237e-01	5.000000e+00	0.000000e+00	-3.504650e+00	1.026841e+02
767	0.766000	3.830000e+00	0.000000e+00	1.897191e-01	5.000000e+00	0.000000e+00	-3.514460e+00	1.026843e+02
768	0.767000	3.835000e+00	0.000000e+00	1.862046e-01	5.000000e+00	0.000000e+00	-3.524270e+00	1.026845e+02
769	0.768000	3.840000e+00	0.000000e+00	1.826803e-01	5.000000e+00	0.000000e+00	-3.534080e+00	1.026848e+02
770	0.769000	3.845000e+00	0.000000e+00	1.791462e-01	5.000000e+00	0.000000e+00	-3.543890e+00	1.026850e+02
771	0.770000	3.850000e+00	0.000000e+00	1.756024e-01	5.000000e+00	0.000000e+00	-3.553700e+00	1.026853e+02
772	0.771000	3.855000e+00	0.000000e+00	1.720487e-01	5.000000e+00	0.000000e+00	-3.563510e+00	1.026855e+02
773	0.772000	3.860000e+00	0.000000e+00	1.684851e-01	5.000000e+00	0.000000e+00	-3.573320e+00	1.026857e+02
774	0.773000	3.865000e+00	0.000000e+00	1.649118e-01	5.000000e+00	0.000000e+00	-3.583130e+00	1.026860e+02
775	0.774000	3.870000e+00	0.000000e+00	1.613287e-01	5.000000e+00	0.000000e+00	-3.592940e+00	1.026862e+02
776	0.775000	3.875000e+00	0.000000e+00	1.577358e-01	5.000000e+00	0.000000e+00	-3.602750e+00	1.026865e+02
777	0.776000	3.880000e+00	0.000000e+00	1.541330e-01	5.000000e+00	0.000000e+00	-3.612560e+00	1.026867e+02
778	0.777000	3.885000e+00	0.000000e+00	1.505204e-01	5.000000e+00	0.000000e+00	-3.622370e+00	1.026869e+02
779	0.778000	3.890000e+00	0.000000e+00	1.468981e-01	5.000000e+00	0.000000e+00	-3.632180e+00	1.026872e+02
780	0.779000	3.895000e+00	0.000000e+00	1.432659e-01	5.000000e+00	0.000000e+00	-3.641990e+00	1.026874e+02
781	0.780000	3.900000e+00	0.000000e+00	1.396239e-01	5.000000e+00	0.000000e+00	-3.651800e+00	1.026877e+02
782	0.781000	3.905000e+00	0.000000e+00	1.359721e-01	5.000000e+00	0.000000e+00	-3.661610e+00	1.026879e+02
783	0.782000	3.910000e+00	0.000000e+00	1.323105e-01	5.000000e+00	0.000000e+00	-3.671420e+00	1.026881e+02
784	0.783000	3.915000e+00	0.000000e+00	1.286391e-01	5.000000e+00	0.000000e+00	-3.681230e+00	1.026884e+02
785	0.784000	3.920000e+00	0.000000e+00	1.249578e-01	5.000000e+00	0.000000e+00	-3.691040e+00	1.026886e+02
786	0.785000	3.925000e+00	0.000000e+00	1.212668e-01	5.000000e+00	0.000000e+00	-3.700850e+00	1.026889e+02
787	0.786000	3.930000e+00	0.000000e+00	1.175660e-01	5.000000e+00	0.000000e+00	-3.710660e+00	1.026891e+02
788	0.787000	3.935000e+00	0.000000e+00	1.138553e-01	5.000000e+00	0.000000e+00	-3.720470e+00	1.026893e+02
789	0.788000	3.940000e+00	0.000000e+00	1.101348e-01	5.000000e+00	0.000000e+00	-3.730280e+00	1.026896e+02
790	0.789000	3.945000e+00	0.000000e+00	1.064045e-01	5.000000e+00	0.000000e+00	-3.740090e+00	1.026898e+02
791	0.790000	3.950000e+00	0.000000e+00	1.026645e-01	5.000000e+00	0.000000e+00	-3.749900e+00	1.026901e+02
792	0.791000	3.955000e+00	0.000000e+00	9.891455e-02	5.000000e+00	0.000000e+00	-3.759710e+00	1.026903e+02
793	0.792000	3.960000e+00	0.000000e+00	9.515484e-02	5.000000e+00	0.000000e+00	-3.769520e+00	1.026905e+02
794	0.793000	3.965000e+00	0.000000e+00	9.138532e-02	5.000000e+00	0.000000e+00	-3.779330e+00	1.026908e+02
795	0.794000	3.970000e+00	0.000000e+00	8.760599e-02	5.000000e+00	0.000000e+00	-3.789140e+00	1.026910e+02
796	0.795000	3.975000e+00	0.000000e+00	8.381685e-02	5.000000e+00	0.000000e+00	-3.798950e+00	1.026913e+02
797	0.796000	3.980000e+00	0.000000e+00	8.001790e-02	5.000000e+00	0.000000e+00	-3.808760e+00	1.026915e+02
798	0.797000	3.985000e+00	0.000000e+00	7.620914e-02	5.000000e+00	0.000000e+00	-3.818570e+00	1.026918e+02
799	0.798000	3.990000e+00	0.000000e+00	7.239057e-02	5.000000e+00	0.000000e+00	-3.828380e+00	1.026920e+02
800	0.799000	3.995000e+00	0.000000e+00	6.856219e-02	5.000000e+00	0.000000e+00	-3.838190e+00	1.026922e+02
801	0.800000	4.000000e+00	0.000000e+00	6.472400e-02	5.000000e+00	0.000000e+00	-3.848000e+00	1.026925e+02
802	0.801000	4.005000e+00	0.000000e+00	6.087600e-02	5.000000e+00	0.000000e+00	-3.857810e+00	1.026927e+02
803	0.802000	4.010000e+00	0.000000e+00	5.701819e-02	5.000000e+00	0.000000e+00	-3.867620e+00	1.026930e+02
804	0.803000	4.015000e+00	0.000000e+00	5.315057e-02	5.000000e+00	0.000000e+00	-3.877430e+00	1.026932e+02
805	0.804000	4.020000e+00	0.000000e+00	4.927314e-02	5.000000e+00	0.000000e+00	-3.887240e+00	1.026934e+02
806	0.805000	4.025000e+00	0.000000e+00	4.538590e-02	5.000000e+00	0.000000e+00	-3.897050e+00	1.026937e+02
807	0.806000	4.030000e+00	0.000000e+00	4.148885e-02	5.000000e+00	0.000000e+00	-3.906860e+00	1.026939e+02
808	0.807000	4.035000e+00	0.000000e+00	3.758199e-02	5.000000e+00	0.000000e+00	-3.916670e+00	1.026942e+02
809	0.808000	4.040000e+00	0.000000e+00	3.366532e-02	5.000000e+00	0.000000e+00	-3.926480e+00	1.026944e+02
810	0.809000	4.045000e+00	0.000000e+00	2.973884e-02	5.000000e+00	0.000000e+00	-3.936290e+00	1.026946e+02
811	0.810000	4.050000e+00	0.000000e+00	2.580255e-02	5.000000e+00	0.000000e+00	-3.946100e+00	1.026949e+02
812	0.811000	4.055000e+00	0.000000e+00	2.185645e-02	5.000000e+00	0.000000e+00	-3.955910e+00	1.026951e+02
813	0.812000	4.060000e+00	0.000000e+00	1.790054e-02	5.000000e+00	0.000000e+00	-3.965720e+00	1.026954e+02
814	0.813000	4.065000e+00	0.000000e+00	1.393482e-02	5.000000e+00	0.000000e+00	-3.975530e+00	1.026956e+02
815	0.814000	4.070000e+00	0.000000e+00	9.959290e-03	5.000000e+00	0.000000e+00	-3.985340e+00	1.026958e+02
816	0.815000	4.075000e+00	0.000000e+00	5.973950e-03	5.000000e+00	0.000000e+00	-3.995150e+00	1.026961e+02
817	0.816000	4.080000e+00	0.000000e+00	1.978800e-03	5.000000e+00	0.000000e+00	-4.004960e+00	1.026963e+02
