#	t		x		y		vx		vy		Ec
1	0.000000	2.000000e+00	3.000000e+00	1.000000e+00	4.000000e+00	1.896500e+02
2	0.100000	2.100000e+00	-4.315987e+05	9.999990e-01	-8.632037e+06	1.862801e+14
3	0.200000	2.200000e+00	-1.726405e+06	9.999990e-01	-1.726408e+07	7.451209e+14
4	0.300000	2.300000e+00	-3.884415e+06	9.999990e-01	-2.589612e+07	1.676522e+15
5	0.400000	2.400000e+00	-6.905629e+06	9.999990e-01	-3.452816e+07	2.980484e+15
6	0.500000	2.500000e+00	-1.079005e+07	9.999990e-01	-4.316020e+07	4.657007e+15
7	0.600000	2.599999e+00	-1.553767e+07	9.999990e-01	-5.179224e+07	6.706089e+15
8	0.700000	2.699999e+00	-2.114849e+07	9.999990e-01	-6.042428e+07	9.127733e+15
9	0.800000	2.799999e+00	-2.762252e+07	9.999990e-01	-6.905631e+07	1.192193e+16
10	0.900000	2.899999e+00	-3.495976e+07	9.999990e-01	-7.768834e+07	1.508869e+16
11	1.000000	2.999999e+00	-4.316019e+07	9.999990e-01	-8.632038e+07	1.862802e+16
12	1.100000	3.099999e+00	-5.222383e+07	9.999990e-01	-9.495242e+07	2.253990e+16
13	1.200000	3.199999e+00	-6.215068e+07	9.999990e-01	-1.035845e+08	2.682436e+16
14	1.300000	3.299999e+00	-7.294073e+07	9.999990e-01	-1.122166e+08	3.148140e+16
15	1.400000	3.399999e+00	-8.459399e+07	9.999990e-01	-1.208487e+08	3.651101e+16
16	1.500000	3.499999e+00	-9.711046e+07	9.999990e-01	-1.294808e+08	4.191316e+16
17	1.600000	3.599998e+00	-1.104901e+08	9.999990e-01	-1.381128e+08	4.768788e+16
18	1.700000	3.699998e+00	-1.247330e+08	9.999990e-01	-1.467449e+08	5.383514e+16
19	1.800000	3.799998e+00	-1.398391e+08	9.999990e-01	-1.553769e+08	6.035495e+16
20	1.900000	3.899998e+00	-1.558084e+08	9.999990e-01	-1.640090e+08	6.724734e+16
21	2.000000	3.999998e+00	-1.726409e+08	9.999990e-01	-1.726410e+08	7.451225e+16
22	2.100000	4.099998e+00	-1.903366e+08	9.999990e-01	-1.812730e+08	8.214971e+16
23	2.200000	4.199998e+00	-2.088955e+08	9.999990e-01	-1.899050e+08	9.015973e+16
24	2.300000	4.299998e+00	-2.283176e+08	9.999990e-01	-1.985370e+08	9.854230e+16
25	2.400000	4.399998e+00	-2.486029e+08	9.999990e-01	-2.071690e+08	1.072974e+17
26	2.500000	4.499998e+00	-2.697514e+08	9.999990e-01	-2.158010e+08	1.164252e+17
27	2.600000	4.599998e+00	-2.917631e+08	9.999990e-01	-2.244331e+08	1.259255e+17
28	2.700000	4.699997e+00	-3.146380e+08	9.999990e-01	-2.330651e+08	1.357984e+17
29	2.799999	4.799997e+00	-3.383761e+08	9.999990e-01	-2.416971e+08	1.460437e+17
30	2.899999	4.899997e+00	-3.629774e+08	9.999990e-01	-2.503291e+08	1.566616e+17
31	2.999999	4.999997e+00	-3.884420e+08	9.999990e-01	-2.589611e+08	1.676521e+17
32	3.099999	5.099997e+00	-4.147697e+08	9.999990e-01	-2.675931e+08	1.790152e+17
33	3.199999	5.199997e+00	-4.419606e+08	9.999990e-01	-2.762251e+08	1.907508e+17
34	3.299999	5.299997e+00	-4.700147e+08	9.999990e-01	-2.848571e+08	2.028589e+17
35	3.399999	5.399997e+00	-4.989320e+08	9.999990e-01	-2.934891e+08	2.153396e+17
36	3.499999	5.499997e+00	-5.287125e+08	9.999990e-01	-3.021214e+08	2.281934e+17
37	3.599999	5.599997e+00	-5.593563e+08	9.999990e-01	-3.107539e+08	2.414200e+17
38	3.699999	5.699996e+00	-5.908633e+08	9.999990e-01	-3.193862e+08	2.550189e+17
39	3.799999	5.799996e+00	-6.232335e+08	9.999990e-01	-3.280186e+08	2.689904e+17
40	3.899998	5.899996e+00	-6.564670e+08	9.999990e-01	-3.366509e+08	2.833345e+17
41	3.999998	5.999996e+00	-6.905637e+08	9.999990e-01	-3.452832e+08	2.980512e+17
42	4.099998	6.099996e+00	-7.255236e+08	9.999990e-01	-3.539155e+08	3.131405e+17
43	4.199998	6.199996e+00	-7.613468e+08	9.999990e-01	-3.625478e+08	3.286023e+17
44	4.299998	6.299996e+00	-7.980332e+08	9.999990e-01	-3.711802e+08	3.444367e+17
45	4.399998	6.399996e+00	-8.355828e+08	9.999990e-01	-3.798125e+08	3.606438e+17
46	4.499998	6.499996e+00	-8.739957e+08	9.999990e-01	-3.884448e+08	3.772234e+17
47	4.599998	6.599996e+00	-9.132718e+08	9.999990e-01	-3.970771e+08	3.941756e+17
48	4.699998	6.699996e+00	-9.534111e+08	9.999990e-01	-4.057094e+08	4.115004e+17
49	4.799998	6.799995e+00	-9.944137e+08	9.999990e-01	-4.143418e+08	4.291977e+17
50	4.899998	6.899995e+00	-1.036279e+09	9.999990e-01	-4.229741e+08	4.472676e+17
51	4.999998	6.999995e+00	-1.079009e+09	9.999990e-01	-4.316061e+08	4.657095e+17
52	5.099998	7.099995e+00	-1.122601e+09	9.999990e-01	-4.402381e+08	4.845239e+17
53	5.199997	7.199995e+00	-1.167056e+09	9.999990e-01	-4.488704e+08	5.037115e+17
54	5.299997	7.299995e+00	-1.212375e+09	9.999990e-01	-4.575027e+08	5.232718e+17
55	5.399997	7.399995e+00	-1.258557e+09	9.999990e-01	-4.661350e+08	5.432046e+17
56	5.499997	7.499995e+00	-1.305602e+09	9.999990e-01	-4.747674e+08	5.635100e+17
57	5.599997	7.599995e+00	-1.353510e+09	9.999990e-01	-4.833997e+08	5.841881e+17
58	5.699997	7.699995e+00	-1.402282e+09	9.999990e-01	-4.920320e+08	6.052386e+17
59	5.799997	7.799994e+00	-1.451917e+09	9.999990e-01	-5.006643e+08	6.266618e+17
60	5.899997	7.899994e+00	-1.502415e+09	9.999990e-01	-5.092966e+08	6.484576e+17
61	5.999997	7.999994e+00	-1.553776e+09	1.000001e+00	-5.179290e+08	6.706260e+17
62	6.099997	8.099995e+00	-1.606000e+09	1.000004e+00	-5.265613e+08	6.931669e+17
63	6.199996	8.199995e+00	-1.659088e+09	1.000004e+00	-5.351936e+08	7.160804e+17
64	6.299996	8.299995e+00	-1.713039e+09	1.000004e+00	-5.438259e+08	7.393665e+17
65	6.399996	8.399996e+00	-1.767853e+09	1.000004e+00	-5.524582e+08	7.630252e+17
66	6.499996	8.499996e+00	-1.823531e+09	1.000004e+00	-5.610906e+08	7.870565e+17
67	6.599996	8.599997e+00	-1.880071e+09	1.000004e+00	-5.697229e+08	8.114603e+17
68	6.699996	8.699997e+00	-1.937475e+09	1.000004e+00	-5.783552e+08	8.362368e+17
69	6.799996	8.799997e+00	-1.995742e+09	1.000004e+00	-5.869875e+08	8.613858e+17
70	6.899996	8.899998e+00	-2.054873e+09	1.000004e+00	-5.956198e+08	8.869074e+17
71	6.999996	8.999998e+00	-2.114866e+09	1.000004e+00	-6.042522e+08	9.128015e+17
72	7.099996	9.099998e+00	-2.175723e+09	1.000004e+00	-6.128845e+08	9.390683e+17
73	7.199996	9.199999e+00	-2.237443e+09	1.000004e+00	-6.215168e+08	9.657077e+17
74	7.299995	9.299999e+00	-2.300027e+09	1.000004e+00	-6.301491e+08	9.927196e+17
75	7.399995	9.400000e+00	-2.363473e+09	1.000004e+00	-6.387814e+08	1.020104e+18
76	7.499995	9.500000e+00	-2.427783e+09	1.000004e+00	-6.474138e+08	1.047861e+18
77	7.599995	9.600000e+00	-2.492956e+09	1.000004e+00	-6.560461e+08	1.075991e+18
78	7.699995	9.700001e+00	-2.558992e+09	1.000004e+00	-6.646784e+08	1.104493e+18
79	7.799995	9.800001e+00	-2.625892e+09	1.000004e+00	-6.733107e+08	1.133368e+18
80	7.899995	9.900002e+00	-2.693654e+09	1.000004e+00	-6.819430e+08	1.162616e+18
81	7.999995	1.000000e+01	-2.762280e+09	1.000004e+00	-6.905754e+08	1.192236e+18
82	8.099995	1.010000e+01	-2.831769e+09	1.000004e+00	-6.992077e+08	1.222228e+18
83	8.199995	1.020000e+01	-2.902122e+09	1.000004e+00	-7.078400e+08	1.252593e+18
84	8.299995	1.030000e+01	-2.973337e+09	1.000004e+00	-7.164723e+08	1.283331e+18
85	8.399996	1.040000e+01	-3.045416e+09	1.000004e+00	-7.251046e+08	1.314442e+18
86	8.499996	1.050000e+01	-3.118358e+09	1.000004e+00	-7.337370e+08	1.345925e+18
87	8.599997	1.060000e+01	-3.192164e+09	1.000004e+00	-7.423693e+08	1.377780e+18
88	8.699997	1.070000e+01	-3.266832e+09	1.000004e+00	-7.510016e+08	1.410008e+18
89	8.799997	1.080000e+01	-3.342364e+09	1.000004e+00	-7.596339e+08	1.442609e+18
90	8.899998	1.090001e+01	-3.418759e+09	1.000004e+00	-7.682662e+08	1.475582e+18
91	8.999998	1.100001e+01	-3.496017e+09	1.000004e+00	-7.768986e+08	1.508928e+18
92	9.099998	1.110001e+01	-3.574139e+09	1.000004e+00	-7.855309e+08	1.542647e+18
93	9.199999	1.120001e+01	-3.653123e+09	1.000004e+00	-7.941632e+08	1.576738e+18
94	9.299999	1.130001e+01	-3.732971e+09	1.000004e+00	-8.027955e+08	1.611202e+18
95	9.400000	1.140001e+01	-3.813682e+09	1.000004e+00	-8.114278e+08	1.646038e+18
96	9.500000	1.150001e+01	-3.895257e+09	1.000004e+00	-8.200602e+08	1.681247e+18
97	9.600000	1.160001e+01	-3.977694e+09	1.000004e+00	-8.286925e+08	1.716828e+18
98	9.700001	1.170001e+01	-4.060995e+09	1.000004e+00	-8.373248e+08	1.752782e+18
99	9.800001	1.180001e+01	-4.145159e+09	1.000004e+00	-8.459571e+08	1.789109e+18
100	9.900002	1.190001e+01	-4.230187e+09	1.000004e+00	-8.545882e+08	1.825802e+18
101	10.000002	1.200001e+01	-4.316077e+09	1.000004e+00	-8.632179e+08	1.862863e+18
